   3.1086157e-01
   3.4389781e-01
   3.8163688e-01
   4.2540588e-01
   4.7586524e-01
   5.3494632e-01
   6.0373979e-01
   6.8511622e-01
   7.8088519e-01
   8.9539417e-01
   1.0316500e+00
   1.1963192e+00
   1.3943527e+00
   1.6359462e+00
   1.9289659e+00
   2.2884295e+00
   2.7256108e+00
   3.2599996e+00
   3.9032756e+00
   4.6715891e+00
   5.5625298e+00
   6.5628086e+00
   7.6234890e+00
   8.6647938e+00
   9.5774420e+00
   1.0238973e+01
   1.0557386e+01
   1.0479264e+01
   1.0027836e+01
   9.2744902e+00
   8.3368319e+00
   7.3328470e+00
   6.3632072e+00
   5.4934657e+00
   4.7569853e+00
   4.1624124e+00
   3.7039140e+00
   3.3662257e+00
   3.1302884e+00
   2.9717402e+00
   2.8642301e+00
   2.7791075e+00
   2.6901220e+00
   2.5780631e+00
   2.4325377e+00
   2.2554675e+00
   2.0564038e+00
   1.8507197e+00
   1.6537820e+00
   1.4768499e+00
   1.3279950e+00
   1.2091136e+00
   1.1217086e+00
   1.0630897e+00
   1.0321972e+00
   1.0245828e+00
   1.0368399e+00
   1.0620143e+00
   1.0927832e+00
   1.1205379e+00
   1.1371603e+00
   1.1386189e+00
   1.1231730e+00
   1.0953365e+00
   1.0613494e+00
   1.0295177e+00
   1.0076998e+00
   1.0000000e+00
   1.0093558e+00
   1.0329036e+00
   1.0665613e+00
   1.1024399e+00
   1.1320769e+00
   1.1489040e+00
   1.1479671e+00
   1.1304863e+00
   1.0998416e+00
   1.0636459e+00
   1.0296921e+00
   1.0047959e+00
   9.9479781e-01
   1.0024915e+00
   1.0311118e+00
   1.0816917e+00
   1.1573100e+00
   1.2598028e+00
   1.3940695e+00
   1.5642617e+00
   1.7785155e+00
   2.0444466e+00
   2.3746323e+00
   2.7808942e+00
   3.2801531e+00
   3.8863715e+00
   4.6146591e+00
   5.4688177e+00
   6.4398861e+00
   7.4900193e+00
   8.5496914e+00
   9.5150553e+00
   1.0267180e+01
   1.0697585e+01
   1.0742676e+01
   1.0397359e+01
   9.7232114e+00
   8.8235010e+00
   7.8197470e+00
   6.8189559e+00
   5.8951290e+00
   5.0915556e+00
   4.4195717e+00
   3.8795891e+00
   3.4574892e+00
   3.1429998e+00
   2.9204995e+00
   2.7826765e+00
   2.7195606e+00
   2.7301113e+00
   2.8108086e+00
   2.9675613e+00
   3.2027416e+00
   3.5295452e+00
   3.9547296e+00
   4.4970870e+00
   5.1619152e+00
   5.9630588e+00
   6.8872299e+00
   7.9154400e+00
   8.9918775e+00
   1.0041964e+01
   1.0986244e+01
   1.1743572e+01
   1.2293736e+01
   1.2634621e+01
   1.2835120e+01
   1.2962893e+01
   1.3085195e+01
   1.3225649e+01
   1.3358522e+01
   1.3420545e+01
   1.3353164e+01
   1.3109869e+01
   1.2709804e+01
   1.2203772e+01
   1.1688544e+01
   1.1270393e+01
   1.1036257e+01
   1.1065299e+01
   1.1385375e+01
   1.2020148e+01
   1.2935106e+01
   1.4078969e+01
   1.5339625e+01
   1.6578228e+01
   1.7644461e+01
   1.8408806e+01
   1.8821450e+01
   1.8901733e+01
   1.8764282e+01
   1.8561872e+01
   1.8454353e+01
   1.8556006e+01
   1.8900281e+01
   1.9440356e+01
   2.0056573e+01
   2.0603376e+01
   2.0953360e+01
   2.1043267e+01
   2.0893379e+01
   2.0600934e+01
   2.0306983e+01
   2.0142631e+01
   2.0187588e+01
   2.0433364e+01
   2.0795138e+01
   2.1138214e+01
   2.1325908e+01
   2.1278994e+01
   2.0986295e+01
   2.0527418e+01
   2.0027613e+01
   1.9617304e+01
   1.9387892e+01
   1.9339307e+01
   1.9397045e+01
   1.9421137e+01
   1.9252376e+01
   1.8786829e+01
   1.7966708e+01
   1.6851132e+01
   1.5540742e+01
   1.4189116e+01
   1.2942030e+01
   1.1901236e+01
   1.1154023e+01
   1.0717191e+01
   1.0624497e+01
   1.0844623e+01
   1.1370525e+01
   1.2123873e+01
