   5.0000000e-01
   5.1859296e-01
   5.3718593e-01
   5.5577889e-01
   5.7437186e-01
   5.9296482e-01
   6.1155779e-01
   6.3015075e-01
   6.4874372e-01
   6.6733668e-01
   6.8592965e-01
   7.0452261e-01
   7.2311558e-01
   7.4170854e-01
   7.6030151e-01
   7.7889447e-01
   7.9748744e-01
   8.1608040e-01
   8.3467337e-01
   8.5326633e-01
   8.7185930e-01
   8.9045226e-01
   9.0904523e-01
   9.2763819e-01
   9.4623116e-01
   9.6482412e-01
   9.8341709e-01
   1.0020101e+00
   1.0206030e+00
   1.0391960e+00
   1.0577889e+00
   1.0763819e+00
   1.0949749e+00
   1.1135678e+00
   1.1321608e+00
   1.1507538e+00
   1.1693467e+00
   1.1879397e+00
   1.2065327e+00
   1.2251256e+00
   1.2437186e+00
   1.2623116e+00
   1.2809045e+00
   1.2994975e+00
   1.3180905e+00
   1.3366834e+00
   1.3552764e+00
   1.3738693e+00
   1.3924623e+00
   1.4110553e+00
   1.4296482e+00
   1.4482412e+00
   1.4668342e+00
   1.4854271e+00
   1.5040201e+00
   1.5226131e+00
   1.5412060e+00
   1.5597990e+00
   1.5783920e+00
   1.5969849e+00
   1.6155779e+00
   1.6341709e+00
   1.6527638e+00
   1.6713568e+00
   1.6899497e+00
   1.7085427e+00
   1.7271357e+00
   1.7457286e+00
   1.7643216e+00
   1.7829146e+00
   1.8015075e+00
   1.8201005e+00
   1.8386935e+00
   1.8572864e+00
   1.8758794e+00
   1.8944724e+00
   1.9130653e+00
   1.9316583e+00
   1.9502513e+00
   1.9688442e+00
   1.9874372e+00
   2.0060302e+00
   2.0246231e+00
   2.0432161e+00
   2.0618090e+00
   2.0804020e+00
   2.0989950e+00
   2.1175879e+00
   2.1361809e+00
   2.1547739e+00
   2.1733668e+00
   2.1919598e+00
   2.2105528e+00
   2.2291457e+00
   2.2477387e+00
   2.2663317e+00
   2.2849246e+00
   2.3035176e+00
   2.3221106e+00
   2.3407035e+00
   2.3592965e+00
   2.3778894e+00
   2.3964824e+00
   2.4150754e+00
   2.4336683e+00
   2.4522613e+00
   2.4708543e+00
   2.4894472e+00
   2.5080402e+00
   2.5266332e+00
   2.5452261e+00
   2.5638191e+00
   2.5824121e+00
   2.6010050e+00
   2.6195980e+00
   2.6381910e+00
   2.6567839e+00
   2.6753769e+00
   2.6939698e+00
   2.7125628e+00
   2.7311558e+00
   2.7497487e+00
   2.7683417e+00
   2.7869347e+00
   2.8055276e+00
   2.8241206e+00
   2.8427136e+00
   2.8613065e+00
   2.8798995e+00
   2.8984925e+00
   2.9170854e+00
   2.9356784e+00
   2.9542714e+00
   2.9728643e+00
   2.9914573e+00
   3.0100503e+00
   3.0286432e+00
   3.0472362e+00
   3.0658291e+00
   3.0844221e+00
   3.1030151e+00
   3.1216080e+00
   3.1402010e+00
   3.1587940e+00
   3.1773869e+00
   3.1959799e+00
   3.2145729e+00
   3.2331658e+00
   3.2517588e+00
   3.2703518e+00
   3.2889447e+00
   3.3075377e+00
   3.3261307e+00
   3.3447236e+00
   3.3633166e+00
   3.3819095e+00
   3.4005025e+00
   3.4190955e+00
   3.4376884e+00
   3.4562814e+00
   3.4748744e+00
   3.4934673e+00
   3.5120603e+00
   3.5306533e+00
   3.5492462e+00
   3.5678392e+00
   3.5864322e+00
   3.6050251e+00
   3.6236181e+00
   3.6422111e+00
   3.6608040e+00
   3.6793970e+00
   3.6979899e+00
   3.7165829e+00
   3.7351759e+00
   3.7537688e+00
   3.7723618e+00
   3.7909548e+00
   3.8095477e+00
   3.8281407e+00
   3.8467337e+00
   3.8653266e+00
   3.8839196e+00
   3.9025126e+00
   3.9211055e+00
   3.9396985e+00
   3.9582915e+00
   3.9768844e+00
   3.9954774e+00
   4.0140704e+00
   4.0326633e+00
   4.0512563e+00
   4.0698492e+00
   4.0884422e+00
   4.1070352e+00
   4.1256281e+00
   4.1442211e+00
   4.1628141e+00
   4.1814070e+00
   4.2000000e+00
