   4.4059636e-01
   4.8554412e-01
   5.3691515e-01
   5.9486812e-01
   6.6021028e-01
   7.3378589e-01
   8.1644299e-01
   9.0898110e-01
   1.0126013e+00
   1.1279803e+00
   1.2543103e+00
   1.3909038e+00
   1.5362702e+00
   1.6879390e+00
   1.8423433e+00
   1.9940925e+00
   2.1369513e+00
   2.2647117e+00
   2.3712035e+00
   2.4509544e+00
   2.4997628e+00
   2.5143127e+00
   2.4920944e+00
   2.4383598e+00
   2.3570905e+00
   2.2536761e+00
   2.1343673e+00
   2.0056727e+00
   1.8739718e+00
   1.7453923e+00
   1.6241615e+00
   1.5133075e+00
   1.4148515e+00
   1.3299659e+00
   1.2591782e+00
   1.2040311e+00
   1.1624509e+00
   1.1337250e+00
   1.1169208e+00
   1.1108944e+00
   1.1142855e+00
   1.1258017e+00
   1.1434887e+00
   1.1648782e+00
   1.1880043e+00
   1.2110329e+00
   1.2324191e+00
   1.2510526e+00
   1.2660626e+00
   1.2778778e+00
   1.2874261e+00
   1.2961259e+00
   1.3058514e+00
   1.3187943e+00
   1.3375220e+00
   1.3652552e+00
   1.4037333e+00
   1.4551049e+00
   1.5213760e+00
   1.6044269e+00
   1.7060336e+00
   1.8294477e+00
   1.9758475e+00
   2.1456031e+00
   2.3396056e+00
   2.5581392e+00
   2.8005942e+00
   3.0651730e+00
   3.3499152e+00
   3.6465025e+00
   3.9470775e+00
   4.2419955e+00
   4.5203722e+00
   4.7709451e+00
   4.9808192e+00
   5.1395464e+00
   5.2449301e+00
   5.2958148e+00
   5.2950084e+00
   5.2491035e+00
   5.1679036e+00
   5.0625860e+00
   4.9496444e+00
   4.8424040e+00
   4.7522375e+00
   4.6882139e+00
   4.6565706e+00
   4.6613356e+00
   4.7041767e+00
   4.7775625e+00
   4.8741630e+00
   4.9839806e+00
   5.0949773e+00
   5.1939743e+00
   5.2650350e+00
   5.2956174e+00
   5.2781331e+00
   5.2072770e+00
   5.0816378e+00
   4.9037226e+00
   4.6794727e+00
   4.4148718e+00
   4.1258951e+00
   3.8237146e+00
   3.5187600e+00
   3.2199674e+00
   2.9343598e+00
   2.6680112e+00
   2.4246478e+00
   2.2042125e+00
   2.0068143e+00
   1.8317997e+00
   1.6780346e+00
   1.5441262e+00
   1.4302106e+00
   1.3332738e+00
   1.2516180e+00
   1.1840629e+00
   1.1296015e+00
   1.0874101e+00
   1.0571465e+00
   1.0390264e+00
   1.0317881e+00
   1.0353713e+00
   1.0498714e+00
   1.0755230e+00
   1.1126763e+00
   1.1626718e+00
   1.2256705e+00
   1.3015432e+00
   1.3904979e+00
   1.4924206e+00
   1.6067039e+00
   1.7320828e+00
   1.8669693e+00
   2.0066246e+00
   2.1464279e+00
   2.2807984e+00
   2.4035086e+00
   2.5081625e+00
   2.5873100e+00
   2.6350205e+00
   2.6500473e+00
   2.6314691e+00
   2.5804326e+00
   2.5000291e+00
   2.3949690e+00
   2.2698962e+00
   2.1333439e+00
   1.9918178e+00
   1.8507671e+00
   1.7146492e+00
   1.5868203e+00
   1.4699023e+00
   1.3660894e+00
   1.2748799e+00
   1.1962723e+00
   1.1299558e+00
   1.0754451e+00
   1.0321837e+00
   1.0003698e+00
   9.7911903e-01
   9.6760603e-01
   9.6557666e-01
   9.7291012e-01
   9.8962832e-01
   1.0159443e+00
   1.0533132e+00
   1.1011970e+00
   1.1603055e+00
   1.2315238e+00
   1.3159144e+00
   1.4147146e+00
   1.5302098e+00
   1.6644403e+00
   1.8179936e+00
   1.9924890e+00
   2.1893929e+00
   2.4098305e+00
   2.6543328e+00
   2.9246619e+00
   3.2167873e+00
   3.5263678e+00
   3.8474270e+00
   4.1717980e+00
   4.4892985e+00
   4.7873757e+00
   5.0503023e+00
   5.2685924e+00
   5.4330707e+00
   5.5377429e+00
   5.5805160e+00
   5.5635228e+00
   5.4897988e+00
   5.3727620e+00
   5.2276448e+00
   5.0686239e+00
   4.9098261e+00
   4.7643032e+00
   4.6434624e+00
   4.5607181e+00
   4.5191418e+00
   4.5225441e+00
   4.5726082e+00
   4.6689484e+00
   4.8090849e+00
   4.9899858e+00
   5.2037479e+00
   5.4381102e+00
   5.6814519e+00
   5.9209791e+00
   6.1437053e+00
   6.3376325e+00
   6.4885264e+00
   6.5929633e+00
   6.6503316e+00
   6.6635758e+00
   6.6396132e+00
   6.5885737e+00
   6.5226185e+00
   6.4560528e+00
   6.4013456e+00
   6.3671534e+00
   6.3584388e+00
   6.3759082e+00
   6.4159191e+00
   6.4711445e+00
   6.5285287e+00
   6.5746628e+00
   6.5967604e+00
   6.5835647e+00
   6.5266162e+00
   6.4209083e+00
   6.2611513e+00
   6.0575792e+00
   5.8184868e+00
   5.5547530e+00
   5.2786834e+00
   5.0028169e+00
   4.7400620e+00
   4.5020976e+00
   4.2956888e+00
   4.1265173e+00
   3.9985099e+00
   3.9141290e+00
   3.8746483e+00
   3.8847359e+00
   3.9398367e+00
   4.0372107e+00
   4.1736683e+00
   4.3444780e+00
   4.5430702e+00
   4.7610558e+00
   4.9866040e+00
   5.2054612e+00
   5.4041548e+00
   5.5695371e+00
   5.6899850e+00
   5.7565415e+00
   5.7592508e+00
   5.6995243e+00
   5.5839826e+00
   5.4205802e+00
   5.2202284e+00
   4.9957053e+00
   4.7604722e+00
   4.5291242e+00
   4.3136439e+00
   4.1231356e+00
   3.9646194e+00
   3.8431795e+00
   3.7622347e+00
   3.7261143e+00
   3.7361852e+00
   3.7893186e+00
   3.8840540e+00
   4.0176907e+00
   4.1860203e+00
   4.3830331e+00
   4.6017144e+00
   4.8287634e+00
   5.0514753e+00
   5.2565002e+00
   5.4305214e+00
   5.5614418e+00
   5.6377991e+00
   5.6495950e+00
   5.6004688e+00
   5.4935842e+00
   5.3360143e+00
   5.1380112e+00
   4.9119717e+00
   4.6711611e+00
   4.4308012e+00
   4.2028500e+00
   3.9968251e+00
   3.8201584e+00
   3.6783013e+00
   3.5752504e+00
   3.5176832e+00
