   1.5886079e-01
   1.7614015e-01
   1.9594261e-01
   2.1833278e-01
   2.4362994e-01
   2.7216785e-01
   3.0428143e-01
   3.4028582e-01
   3.8065299e-01
   4.2564586e-01
   4.7494013e-01
   5.2825463e-01
   5.8498668e-01
   6.4414130e-01
   7.0428469e-01
   7.6324151e-01
   8.1851641e-01
   8.6761897e-01
   9.0806970e-01
   9.3766605e-01
   9.5471096e-01
   9.5785285e-01
   9.4604613e-01
   9.2138074e-01
   8.8541564e-01
   8.4026834e-01
   7.8839568e-01
   7.3235253e-01
   6.7459905e-01
   6.1753069e-01
   5.6279428e-01
   5.1153101e-01
   4.6447577e-01
   4.2202223e-01
   3.8430592e-01
   3.5176051e-01
   3.2361160e-01
   2.9954923e-01
   2.7921105e-01
   2.6219774e-01
   2.4808097e-01
   2.3650216e-01
   2.2695601e-01
   2.1879989e-01
   2.1156236e-01
   2.0480325e-01
   1.9813632e-01
   1.9124990e-01
   1.8386868e-01
   1.7590715e-01
   1.6737629e-01
   1.5836147e-01
   1.4901336e-01
   1.3952393e-01
   1.3010784e-01
   1.2100477e-01
   1.1236846e-01
   1.0432353e-01
   9.6954677e-02
   9.0310264e-02
   8.4408673e-02
   7.9297152e-02
   7.4930045e-02
   7.1241662e-02
   6.8193024e-02
   6.5740899e-02
   6.3838121e-02
   6.2433890e-02
   6.1511773e-02
   6.0948840e-02
   6.0669440e-02
   6.0590867e-02
   6.0626314e-02
   6.0689628e-02
   6.0695337e-02
   6.0567777e-02
   6.0269727e-02
   5.9783168e-02
   5.9114745e-02
   5.8294551e-02
   5.7372639e-02
   5.6417083e-02
   5.5511335e-02
   5.4727273e-02
   5.4128249e-02
   5.3764969e-02
   5.3672386e-02
   5.3875397e-02
   5.4389050e-02
   5.5162995e-02
   5.6156067e-02
   5.7312246e-02
   5.8564331e-02
   5.9839208e-02
   6.1055925e-02
   6.2144763e-02
   6.3063676e-02
   6.3789194e-02
   6.4321638e-02
   6.4685380e-02
   6.4926639e-02
   6.5112252e-02
   6.5333272e-02
   6.5671723e-02
   6.6207600e-02
   6.7014812e-02
   6.8159096e-02
   6.9720054e-02
   7.1762493e-02
   7.4304500e-02
   7.7390056e-02
   8.1064861e-02
   8.5378904e-02
   9.0388817e-02
   9.6240779e-02
   1.0296423e-01
   1.1063712e-01
   1.1936847e-01
   1.2928505e-01
   1.4053361e-01
   1.5332847e-01
   1.6799923e-01
   1.8463552e-01
   2.0349220e-01
   2.2485145e-01
   2.4902027e-01
   2.7632481e-01
   3.0737887e-01
   3.4244410e-01
   3.8164298e-01
   4.2516271e-01
   4.7304891e-01
   5.2513842e-01
   5.8099334e-01
   6.3998037e-01
   7.0033092e-01
   7.6024365e-01
   8.1752782e-01
   8.6972922e-01
   9.1432179e-01
   9.4833653e-01
   9.6942223e-01
   9.7712171e-01
   9.7108016e-01
   9.5176603e-01
   9.2042179e-01
   8.7893381e-01
   8.2913101e-01
   7.7444356e-01
   7.1747193e-01
   6.6038601e-01
   6.0495655e-01
   5.5251133e-01
   5.0407140e-01
   4.6046743e-01
   4.2150457e-01
   3.8715224e-01
   3.5725103e-01
   3.3156600e-01
   3.0982707e-01
   2.9200872e-01
   2.7770218e-01
   2.6652694e-01
   2.5829301e-01
   2.5285036e-01
   2.5009079e-01
   2.4995960e-01
   2.5271745e-01
   2.5810533e-01
   2.6620004e-01
   2.7712165e-01
   2.9103294e-01
   3.0813790e-01
   3.2886780e-01
   3.5359673e-01
   3.8239665e-01
   4.1556688e-01
   4.5337924e-01
   4.9603996e-01
   5.4363888e-01
   5.9652385e-01
   6.5386696e-01
   7.1478825e-01
   7.7808453e-01
   8.4211619e-01
   9.0484207e-01
   9.6374978e-01
   1.0156947e+00
   1.0587720e+00
   1.0911445e+00
   1.1116107e+00
   1.1197492e+00
   1.1159825e+00
   1.1009162e+00
   1.0772263e+00
   1.0479518e+00
   1.0159222e+00
   9.8395731e-01
   9.5466228e-01
   9.3031410e-01
   9.1359224e-01
   9.0510709e-01
   9.0561864e-01
   9.1546207e-01
   9.3455943e-01
   9.6241456e-01
   9.9842152e-01
   1.0410011e+00
   1.0877031e+00
   1.1362059e+00
   1.1839534e+00
   1.2283515e+00
   1.2670031e+00
   1.2970653e+00
   1.3178533e+00
   1.3292446e+00
   1.3318270e+00
   1.3269819e+00
   1.3167322e+00
   1.3035068e+00
   1.2901630e+00
   1.2791906e+00
   1.2723186e+00
   1.2705380e+00
   1.2739897e+00
   1.2819460e+00
   1.2929434e+00
   1.3043740e+00
   1.3135595e+00
   1.3179457e+00
   1.3152842e+00
   1.3038852e+00
   1.2827486e+00
   1.2508180e+00
   1.2101371e+00
   1.1623628e+00
   1.1096677e+00
   1.0545098e+00
   9.9939345e-01
   9.4689689e-01
   8.9935279e-01
   8.5811228e-01
   8.2431017e-01
   7.9873069e-01
   7.8186568e-01
   7.7396948e-01
   7.7597449e-01
   7.8697084e-01
   8.0641117e-01
   8.3365841e-01
   8.6776746e-01
   9.0742612e-01
   9.5095876e-01
   9.9600238e-01
   1.0397099e+00
   1.0793904e+00
   1.1124178e+00
   1.1364705e+00
   1.1497594e+00
   1.1502961e+00
   1.1383624e+00
   1.1152806e+00
   1.0826396e+00
   1.0426187e+00
   9.9777010e-01
   9.5078255e-01
   9.0457121e-01
   8.6152942e-01
   8.2347558e-01
   7.9181188e-01
   7.6755379e-01
   7.5138418e-01
   7.4416777e-01
   7.4617754e-01
   7.5678855e-01
   7.7570911e-01
   8.0239975e-01
   8.3601990e-01
   8.7536923e-01
   9.1904663e-01
   9.6439547e-01
   1.0088781e+00
   1.0498281e+00
   1.0845856e+00
   1.1107344e+00
   1.1259851e+00
   1.1283406e+00
   1.1185279e+00
   1.0971788e+00
   1.0657060e+00
   1.0261574e+00
   9.8100896e-01
   9.3291023e-01
   8.8490158e-01
   8.3937143e-01
   7.9822078e-01
   7.6293406e-01
   7.3460009e-01
   7.1401716e-01
   7.0251898e-01
