   4.4439806e-01
   4.8939717e-01
   5.4082060e-01
   5.9882693e-01
   6.6422343e-01
   7.3785438e-01
   8.2056785e-01
   9.1316338e-01
   1.0168422e+00
   1.1322809e+00
   1.2586718e+00
   1.3953273e+00
   1.5407569e+00
   1.6924901e+00
   1.8469601e+00
   1.9987764e+00
   2.1417036e+00
   2.2695338e+00
   2.3760968e+00
   2.4559202e+00
   2.5048027e+00
   2.5194281e+00
   2.4972870e+00
   2.4436312e+00
   2.3624422e+00
   2.2591099e+00
   2.1398849e+00
   2.0112758e+00
   1.8796623e+00
   1.7511722e+00
   1.6300326e+00
   1.5192718e+00
   1.4209111e+00
   1.3361227e+00
   1.2654344e+00
   1.2103891e+00
   1.1689129e+00
   1.1402934e+00
   1.1235979e+00
   1.1176827e+00
   1.1211875e+00
   1.1328201e+00
   1.1506263e+00
   1.1721378e+00
   1.1953886e+00
   1.2185450e+00
   1.2400619e+00
   1.2588291e+00
   1.2739764e+00
   1.2859323e+00
   1.2956246e+00
   1.3044720e+00
   1.3143486e+00
   1.3274464e+00
   1.3463329e+00
   1.3742293e+00
   1.4128746e+00
   1.4644177e+00
   1.5308647e+00
   1.6140961e+00
   1.7158878e+00
   1.8394922e+00
   1.9860876e+00
   2.1560439e+00
   2.3502523e+00
   2.5689976e+00
   2.8116699e+00
   3.0764720e+00
   3.3614445e+00
   3.6582684e+00
   3.9590865e+00
   4.2542547e+00
   4.5328886e+00
   4.7837262e+00
   4.9938729e+00
   5.1528812e+00
   5.2585544e+00
   5.3097371e+00
   5.3092378e+00
   5.2636491e+00
   5.1827751e+00
   5.0777944e+00
   4.9652004e+00
   4.8583185e+00
   4.7685219e+00
   4.7048800e+00
   4.6736306e+00
   4.6788028e+00
   4.7220656e+00
   4.7958872e+00
   4.8929381e+00
   5.0032212e+00
   5.1146994e+00
   5.2141946e+00
   5.2857720e+00
   5.3168901e+00
   5.2999607e+00
   5.2296795e+00
   5.1046359e+00
   4.9273383e+00
   4.7037291e+00
   4.4397955e+00
   4.1515118e+00
   3.8500508e+00
   3.5458436e+00
   3.2478279e+00
   2.9630280e+00
   2.6975213e+00
   2.4550364e+00
   2.2355159e+00
   2.0390708e+00
   1.8650495e+00
   1.7123202e+00
   1.5794925e+00
   1.4667097e+00
   1.3709572e+00
   1.2905392e+00
   1.2242784e+00
   1.1711713e+00
   1.1303976e+00
   1.1016210e+00
   1.0850662e+00
   1.0794702e+00
   1.0847774e+00
   1.1010885e+00
   1.1286436e+00
   1.1677992e+00
   1.2199105e+00
   1.2851437e+00
   1.3633729e+00
   1.4548145e+00
   1.5593641e+00
   1.6764242e+00
   1.8047415e+00
   1.9427606e+00
   2.0857375e+00
   2.2290664e+00
   2.3671823e+00
   2.4938753e+00
   2.6027690e+00
   2.6864497e+00
   2.7390187e+00
   2.7592374e+00
   2.7462137e+00
   2.7011268e+00
   2.6271041e+00
   2.5288957e+00
   2.4112449e+00
   2.2827008e+00
   2.1498162e+00
   2.0181038e+00
   1.8920924e+00
   1.7752184e+00
   1.6702219e+00
   1.5794782e+00
   1.5025189e+00
   1.4394764e+00
   1.3901916e+00
   1.3543514e+00
   1.3315950e+00
   1.3225143e+00
   1.3264557e+00
   1.3428058e+00
   1.3716541e+00
   1.4132726e+00
   1.4681323e+00
   1.5369798e+00
   1.6224695e+00
   1.7242521e+00
   1.8438206e+00
   1.9829435e+00
   2.1436723e+00
   2.3283395e+00
   2.5410408e+00
   2.7854766e+00
   3.0628556e+00
   3.3761064e+00
   3.7278785e+00
   4.1202140e+00
   4.5541068e+00
   5.0326536e+00
   5.5488949e+00
   6.0952862e+00
   6.6614069e+00
   7.2329986e+00
   7.7922730e+00
   8.3172826e+00
   8.7805169e+00
   9.1654200e+00
   9.4559537e+00
   9.6416447e+00
   9.7188459e+00
   9.6913033e+00
   9.5643318e+00
   9.3614299e+00
   9.1092701e+00
   8.8326706e+00
   8.5563616e+00
   8.3031910e+00
   8.0931278e+00
   7.9496458e+00
   7.8781349e+00
   7.8852688e+00
   7.9739975e+00
   8.1436507e+00
   8.3898924e+00
   8.7074178e+00
   9.0823998e+00
   9.4933878e+00
   9.9200480e+00
   1.0339994e+01
   1.0730501e+01
   1.1070576e+01
   1.1335307e+01
   1.1518708e+01
   1.1619710e+01
   1.1643468e+01
   1.1602089e+01
   1.1513301e+01
   1.1398388e+01
   1.1282384e+01
   1.1187111e+01
   1.1127722e+01
   1.1112900e+01
   1.1143882e+01
   1.1214297e+01
   1.1311320e+01
   1.1412106e+01
   1.1493190e+01
   1.1532198e+01
   1.1509430e+01
   1.1410082e+01
   1.1225394e+01
   1.0946109e+01
   1.0590136e+01
   1.0171994e+01
   9.7107194e+00
   9.2278485e+00
   8.7453245e+00
   8.2857371e+00
   7.8695249e+00
   7.5085276e+00
   7.2126886e+00
   6.9888798e+00
   6.8414110e+00
   6.7725112e+00
   6.7903492e+00
   6.8869548e+00
   7.0575327e+00
   7.2965018e+00
   7.5955819e+00
   7.9432765e+00
   8.3249047e+00
   8.7197627e+00
   9.1029070e+00
   9.4507609e+00
   9.7403159e+00
   9.9512321e+00
   1.0067834e+01
   1.0072700e+01
   9.9682999e+00
   9.7662196e+00
   9.4803800e+00
   9.1298759e+00
   8.7370689e+00
   8.3255165e+00
   7.9207599e+00
   7.5437694e+00
   7.2104770e+00
   6.9331684e+00
   6.7207407e+00
   6.5791773e+00
   6.5160543e+00
   6.5337636e+00
   6.6268302e+00
   6.7926983e+00
   7.0266416e+00
   7.3212955e+00
   7.6661432e+00
   8.0489089e+00
   8.4463163e+00
   8.8361320e+00
   9.1949938e+00
   9.4995976e+00
   9.7287733e+00
   9.8624624e+00
   9.8831671e+00
   9.7972568e+00
   9.6102680e+00
   9.3345787e+00
   8.9881298e+00
   8.5926162e+00
   8.1712517e+00
   7.7506747e+00
   7.3518119e+00
   6.9913189e+00
   6.6822017e+00
   6.4340002e+00
   6.2537087e+00
   6.1530123e+00
