   4.3932913e-01
   4.8425977e-01
   5.3561333e-01
   5.9354852e-01
   6.5887257e-01
   7.3242973e-01
   8.1506804e-01
   9.0758701e-01
   1.0111877e+00
   1.1265468e+00
   1.2528565e+00
   1.3894294e+00
   1.5347747e+00
   1.6864219e+00
   1.8408044e+00
   1.9925312e+00
   2.1353672e+00
   2.2631044e+00
   2.3695725e+00
   2.4492992e+00
   2.4980829e+00
   2.5126076e+00
   2.4903635e+00
   2.4366027e+00
   2.3553065e+00
   2.2518648e+00
   2.1325281e+00
   2.0038050e+00
   1.8720749e+00
   1.7434657e+00
   1.6222045e+00
   1.5113194e+00
   1.4128317e+00
   1.3279136e+00
   1.2570928e+00
   1.2019118e+00
   1.1602969e+00
   1.1315356e+00
   1.1146951e+00
   1.1086316e+00
   1.1119849e+00
   1.1234623e+00
   1.1411095e+00
   1.1624584e+00
   1.1855428e+00
   1.2085289e+00
   1.2298715e+00
   1.2484604e+00
   1.2634246e+00
   1.2751929e+00
   1.2846932e+00
   1.2933439e+00
   1.3030189e+00
   1.3159103e+00
   1.3345850e+00
   1.3622639e+00
   1.4006861e+00
   1.4520006e+00
   1.5182131e+00
   1.6012038e+00
   1.7027488e+00
   1.8260995e+00
   1.9724342e+00
   2.1421229e+00
   2.3360566e+00
   2.5545197e+00
   2.7969022e+00
   3.0614066e+00
   3.3460722e+00
   3.6425806e+00
   3.9430744e+00
   4.2379091e+00
   4.5162000e+00
   4.7666848e+00
   4.9764680e+00
   5.1351014e+00
   5.2403887e+00
   5.2911740e+00
   5.2902653e+00
   5.2442550e+00
   5.1629464e+00
   5.0575165e+00
   4.9444591e+00
   4.8370991e+00
   4.7468094e+00
   4.6826585e+00
   4.6508839e+00
   4.6555132e+00
   4.6982137e+00
   4.7714543e+00
   4.8679047e+00
   4.9775670e+00
   5.0884033e+00
   5.1872343e+00
   5.2581227e+00
   5.2885264e+00
   5.2708573e+00
   5.1998096e+00
   5.0739717e+00
   4.8958506e+00
   4.6713873e+00
   4.4065638e+00
   4.1173563e+00
   3.8149359e+00
   3.5097321e+00
   3.2106806e+00
   2.9248038e+00
   2.6581745e+00
   2.4145182e+00
   2.1937780e+00
   1.9960621e+00
   1.8207164e+00
   1.6666060e+00
   1.5323374e+00
   1.4180443e+00
   1.3207126e+00
   1.2386443e+00
   1.1706578e+00
   1.1157449e+00
   1.0730809e+00
   1.0423217e+00
   1.0236798e+00
   1.0158940e+00
   1.0189026e+00
   1.0327991e+00
   1.0578161e+00
   1.0943020e+00
   1.1435922e+00
   1.2058461e+00
   1.2809334e+00
   1.3690590e+00
   1.4701062e+00
   1.5834639e+00
   1.7078632e+00
   1.8417055e+00
   1.9802536e+00
   2.1188818e+00
   2.2520038e+00
   2.3733863e+00
   2.4766270e+00
   2.5542635e+00
   2.6003544e+00
   2.6136507e+00
   2.5932209e+00
   2.5402012e+00
   2.4576708e+00
   2.3503268e+00
   2.2227801e+00
   2.0835583e+00
   1.9391518e+00
   1.7949883e+00
   1.6555016e+00
   1.5240211e+00
   1.4031294e+00
   1.2949600e+00
   1.1990005e+00
   1.1152045e+00
   1.0432108e+00
   9.8247671e-01
   9.3238036e-01
   8.9298867e-01
   8.6334050e-01
   8.4253979e-01
   8.3021787e-01
   8.2612295e-01
   8.3012730e-01
   8.4226610e-01
   8.6359465e-01
   8.9351220e-01
   9.3246734e-01
   9.8105070e-01
   1.0399953e+00
   1.1101731e+00
   1.1932662e+00
   1.2907616e+00
   1.4030397e+00
   1.5312832e+00
   1.6765644e+00
   1.8397027e+00
   2.0210749e+00
   2.2219980e+00
   2.4394180e+00
   2.6700616e+00
   2.9094337e+00
   3.1513978e+00
   3.3883070e+00
   3.6107401e+00
   3.8068974e+00
   3.9696499e+00
   4.0921098e+00
   4.1697756e+00
   4.2010726e+00
   4.1875959e+00
   4.1316212e+00
   4.0432060e+00
   3.9337697e+00
   3.8139416e+00
   3.6943143e+00
   3.5846739e+00
   3.4935739e+00
   3.4310755e+00
   3.3994775e+00
   3.4016359e+00
   3.4388117e+00
   3.5107143e+00
   3.6154825e+00
   3.7508418e+00
   3.9108639e+00
   4.0863511e+00
   4.2685866e+00
   4.4479742e+00
   4.6147733e+00
   4.7599847e+00
   4.8729329e+00
   4.9510485e+00
   4.9938722e+00
   5.0036117e+00
   4.9854546e+00
   4.9469977e+00
   4.8973619e+00
   4.8472758e+00
   4.8060902e+00
   4.7802974e+00
   4.7736186e+00
   4.7865835e+00
   4.8164599e+00
   4.8577528e+00
   4.9006697e+00
   4.9351537e+00
   4.9516146e+00
   4.9416097e+00
   4.8987942e+00
   4.8194129e+00
   4.6994988e+00
   4.5467268e+00
   4.3673178e+00
   4.1694309e+00
   3.9622951e+00
   3.7553144e+00
   3.5581703e+00
   3.3796218e+00
   3.2247425e+00
   3.0977936e+00
   3.0017199e+00
   2.9383684e+00
   2.9086940e+00
   2.9161981e+00
   2.9574641e+00
   3.0304367e+00
   3.1327238e+00
   3.2607767e+00
   3.4096681e+00
   3.5731061e+00
   3.7422178e+00
   3.9063126e+00
   4.0552862e+00
   4.1792775e+00
   4.2695694e+00
   4.3194439e+00
   4.3214343e+00
   4.2765991e+00
   4.1899035e+00
   4.0673136e+00
   3.9170126e+00
   3.7485841e+00
   3.5721241e+00
   3.3985789e+00
   3.2369355e+00
   3.0940218e+00
   2.9751031e+00
   2.8839924e+00
   2.8232538e+00
   2.7961344e+00
   2.8036591e+00
   2.8434814e+00
   2.9145060e+00
   3.0147071e+00
   3.1409285e+00
   3.2886630e+00
   3.4526495e+00
   3.6229125e+00
   3.7899231e+00
   3.9436690e+00
   4.0741627e+00
   4.1723312e+00
   4.2295781e+00
   4.2384043e+00
   4.2015394e+00
   4.1213562e+00
   4.0031595e+00
   3.8546383e+00
   3.6850902e+00
   3.5044642e+00
   3.3241767e+00
   3.1531961e+00
   2.9986605e+00
   2.8661440e+00
   2.7597350e+00
   2.6824310e+00
   2.6392402e+00
