   4.3806190e-01
   4.8297542e-01
   5.3431152e-01
   5.9222892e-01
   6.5753485e-01
   7.3107357e-01
   8.1369309e-01
   9.0619291e-01
   1.0097741e+00
   1.1251133e+00
   1.2514027e+00
   1.3879549e+00
   1.5332791e+00
   1.6849049e+00
   1.8392655e+00
   1.9909700e+00
   2.1337831e+00
   2.2614970e+00
   2.3679414e+00
   2.4476439e+00
   2.4964030e+00
   2.5109025e+00
   2.4886327e+00
   2.4348456e+00
   2.3535226e+00
   2.2500535e+00
   2.1306889e+00
   2.0019373e+00
   1.8701781e+00
   1.7415391e+00
   1.6202474e+00
   1.5093313e+00
   1.4108118e+00
   1.3258613e+00
   1.2550074e+00
   1.1997924e+00
   1.1581428e+00
   1.1293461e+00
   1.1124694e+00
   1.1063688e+00
   1.1096842e+00
   1.1211228e+00
   1.1387303e+00
   1.1600385e+00
   1.1830813e+00
   1.2060249e+00
   1.2273240e+00
   1.2458682e+00
   1.2607867e+00
   1.2725081e+00
   1.2819604e+00
   1.2905618e+00
   1.3001865e+00
   1.3130262e+00
   1.3316480e+00
   1.3592725e+00
   1.3976390e+00
   1.4488963e+00
   1.5150501e+00
   1.5979808e+00
   1.6994641e+00
   1.8227513e+00
   1.9690209e+00
   2.1386427e+00
   2.3325077e+00
   2.5509003e+00
   2.7932103e+00
   3.0576403e+00
   3.3422291e+00
   3.6386586e+00
   3.9390714e+00
   4.2338227e+00
   4.5120279e+00
   4.7624245e+00
   4.9721168e+00
   5.1306565e+00
   5.2358473e+00
   5.2865332e+00
   5.2855222e+00
   5.2394065e+00
   5.1579892e+00
   5.0524471e+00
   4.9392738e+00
   4.8317943e+00
   4.7413812e+00
   4.6771032e+00
   4.6451972e+00
   4.6496908e+00
   4.6922507e+00
   4.7653460e+00
   4.8616463e+00
   4.9711535e+00
   5.0818292e+00
   5.1804942e+00
   5.2512104e+00
   5.2814355e+00
   5.2635814e+00
   5.1923421e+00
   5.0663056e+00
   4.8879787e+00
   4.6633018e+00
   4.3982559e+00
   4.1088174e+00
   3.8061572e+00
   3.5007043e+00
   3.2013938e+00
   2.9152477e+00
   2.6483378e+00
   2.4043887e+00
   2.1833435e+00
   1.9853100e+00
   1.8096331e+00
   1.6551774e+00
   1.5205487e+00
   1.4058779e+00
   1.3081515e+00
   1.2256706e+00
   1.1572526e+00
   1.1018884e+00
   1.0587517e+00
   1.0274969e+00
   1.0083331e+00
   1.0000000e+00
   1.0024339e+00
   1.0157267e+00
   1.0401092e+00
   1.0759277e+00
   1.1245126e+00
   1.1860217e+00
   1.2603235e+00
   1.3476201e+00
   1.4477917e+00
   1.5602238e+00
   1.6836437e+00
   1.8164418e+00
   1.9538826e+00
   2.0913356e+00
   2.2232092e+00
   2.3432640e+00
   2.4450915e+00
   2.5212169e+00
   2.5656883e+00
   2.5772540e+00
   2.5549727e+00
   2.4999698e+00
   2.4153125e+00
   2.3056846e+00
   2.1756639e+00
   2.0337728e+00
   1.8864858e+00
   1.7392096e+00
   1.5963540e+00
   1.4612220e+00
   1.3363565e+00
   1.2238308e+00
   1.1231212e+00
   1.0341370e+00
   9.5646611e-01
   8.8950855e-01
   8.3257728e-01
   7.8560785e-01
   7.4756229e-01
   7.1747390e-01
   6.9485941e-01
   6.7933611e-01
   6.7062660e-01
   6.6858820e-01
   6.7387641e-01
   6.8582765e-01
   7.0462940e-01
   7.3057783e-01
   7.6407632e-01
   8.0563170e-01
   8.5632279e-01
   9.1708308e-01
   9.8808584e-01
   1.0700776e+00
   1.1637360e+00
   1.2695749e+00
   1.3878169e+00
   1.5193342e+00
   1.6620489e+00
   1.8137555e+00
   1.9714405e+00
   2.1309976e+00
   2.2873156e+00
   2.4341045e+00
   2.5634926e+00
   2.6707074e+00
   2.7511488e+00
   2.8018083e+00
   2.8216293e+00
   2.8116691e+00
   2.7734435e+00
   2.7136501e+00
   2.6398946e+00
   2.5592594e+00
   2.4788025e+00
   2.4050447e+00
   2.3436854e+00
   2.3014330e+00
   2.2798131e+00
   2.2807277e+00
   2.3050153e+00
   2.3524802e+00
   2.4218800e+00
   2.5116978e+00
   2.6179799e+00
   2.7345919e+00
   2.8557212e+00
   2.9749693e+00
   3.0858413e+00
   3.1823368e+00
   3.2573393e+00
   3.3091337e+00
   3.3374128e+00
   3.3436476e+00
   3.3312960e+00
   3.3054218e+00
   3.2721053e+00
   3.2384988e+00
   3.2108349e+00
   3.1934413e+00
   3.1887983e+00
   3.1972588e+00
   3.2170007e+00
   3.2443610e+00
   3.2728106e+00
   3.2956445e+00
   3.3064688e+00
   3.2996547e+00
   3.2709722e+00
   3.2179176e+00
   3.1378464e+00
   3.0358744e+00
   2.9161488e+00
   2.7841087e+00
   2.6459067e+00
   2.5078119e+00
   2.3762786e+00
   2.2571460e+00
   2.1537962e+00
   2.0690698e+00
   2.0049299e+00
   1.9626077e+00
   1.9427398e+00
   1.9476603e+00
   1.9750914e+00
   2.0236627e+00
   2.0917793e+00
   2.1770754e+00
   2.2762660e+00
   2.3851565e+00
   2.4978316e+00
   2.6071640e+00
   2.7064175e+00
   2.7890179e+00
   2.8491537e+00
   2.8823463e+00
   2.8836178e+00
   2.8536739e+00
   2.7958245e+00
   2.7140470e+00
   2.6137968e+00
   2.5014629e+00
   2.3837760e+00
   2.2680337e+00
   2.1602270e+00
   2.0649080e+00
   1.9855868e+00
   1.9248053e+00
   1.8842729e+00
   1.8661544e+00
   1.8711330e+00
   1.8976442e+00
   1.9449579e+00
   2.0117235e+00
   2.0958368e+00
   2.1942930e+00
   2.3035847e+00
   2.4170615e+00
   2.5283709e+00
   2.6308378e+00
   2.7178040e+00
   2.7832207e+00
   2.8213570e+00
   2.8272136e+00
   2.8026101e+00
   2.7491283e+00
   2.6703047e+00
   2.5712654e+00
   2.4582087e+00
   2.3377674e+00
   2.2175522e+00
   2.1035421e+00
   2.0004959e+00
   1.9121296e+00
   1.8411687e+00
   1.7896116e+00
   1.7607971e+00
