   4.7067757e-03
   5.0427898e-03
   5.4118739e-03
   5.8214124e-03
   6.2737097e-03
   6.7784068e-03
   7.3391553e-03
   7.9687625e-03
   8.6729681e-03
   9.4691143e-03
   1.0366223e-02
   1.1388280e-02
   1.2549553e-02
   1.3884004e-02
   1.5414450e-02
   1.7190253e-02
   1.9248478e-02
   2.1662977e-02
   2.4495174e-02
   2.7859157e-02
   3.1859189e-02
   3.6677784e-02
   4.2496857e-02
   4.9619529e-02
   5.8372770e-02
   6.9279513e-02
   8.2944629e-02
   1.0030111e-01
   1.2249029e-01
   1.5120388e-01
   1.8857224e-01
   2.3754763e-01
   3.0169982e-01
   3.8514230e-01
   4.9140803e-01
   6.2111228e-01
   7.6798199e-01
   9.1495803e-01
   1.0340462e+00
   1.0967410e+00
   1.0850171e+00
   1.0038357e+00
   8.7536190e-01
   7.3037859e-01
   5.9385564e-01
   4.7878718e-01
   3.8951047e-01
   3.2349547e-01
   2.7724248e-01
   2.4522552e-01
   2.2257423e-01
   2.0411055e-01
   1.8622231e-01
   1.6724263e-01
   1.4751026e-01
   1.2862565e-01
   1.1241773e-01
   9.9824688e-02
   9.1472434e-02
   8.7087363e-02
   8.6617882e-02
   8.9289828e-02
   9.4254659e-02
   9.9827427e-02
   1.0407570e-01
   1.0565908e-01
   1.0403256e-01
   1.0038339e-01
   9.6488297e-02
   9.4147439e-02
   9.4594768e-02
   9.7650596e-02
   1.0237559e-01
   1.0688292e-01
   1.0925723e-01
   1.0864859e-01
   1.0523352e-01
   1.0060295e-01
   9.6618833e-02
   9.4801104e-02
   9.6292118e-02
   1.0154918e-01
   1.1128723e-01
   1.2600478e-01
   1.4697937e-01
   1.7551765e-01
   2.1413506e-01
   2.6544259e-01
   3.3357541e-01
   4.2203866e-01
   5.3437205e-01
   6.6915919e-01
   8.1784330e-01
   9.5971536e-01
   1.0653118e+00
   1.1078587e+00
   1.0748364e+00
   9.7677903e-01
   8.3939766e-01
   6.9288244e-01
   5.5874696e-01
   4.4725713e-01
   3.5992791e-01
   2.9424134e-01
   2.4629908e-01
   2.1271497e-01
   1.9064806e-01
   1.7841048e-01
   1.7485291e-01
   1.7987171e-01
   1.9363358e-01
   2.1716755e-01
   2.5103912e-01
   2.9558937e-01
   3.4852963e-01
   4.0477698e-01
   4.5650015e-01
   4.9577885e-01
   5.1996746e-01
   5.3148554e-01
   5.3765328e-01
   5.4412838e-01
   5.5108517e-01
   5.5312478e-01
   5.4479385e-01
   5.2409046e-01
   4.9657364e-01
   4.7170608e-01
   4.5891355e-01
   4.6645593e-01
   4.9620731e-01
   5.4878592e-01
   6.1666110e-01
   6.8845754e-01
   7.4911047e-01
   7.8504985e-01
   7.9532521e-01
   7.8719785e-01
   7.7728751e-01
   7.8038099e-01
   8.0116555e-01
   8.3463475e-01
   8.6673003e-01
   8.8375272e-01
   8.8160508e-01
   8.6580703e-01
   8.5042399e-01
   8.4796577e-01
   8.6089280e-01
   8.8159098e-01
   8.9604492e-01
   8.9327019e-01
   8.7319573e-01
   8.4496665e-01
   8.2222824e-01
   8.1342933e-01
   8.1539470e-01
   8.1555628e-01
   7.9887621e-01
   7.5642331e-01
   6.9122226e-01
   6.1499055e-01
   5.4303713e-01
   4.8738137e-01
   4.5463205e-01
   4.4724440e-01
   4.6445774e-01
   5.0247860e-01
   5.5270748e-01
   6.0117342e-01
   6.3069548e-01
   6.2818631e-01
   5.8952468e-01
   5.2250544e-01
   4.4127565e-01
   3.6007238e-01
   2.8819020e-01
   2.2881240e-01
   1.8200199e-01
   1.4559696e-01
   1.1767970e-01
   9.6065136e-02
   7.9368623e-02
   6.6239879e-02
   5.5907076e-02
   4.7611351e-02
   4.0944482e-02
   3.5479879e-02
   3.1000433e-02
   2.7258927e-02
   2.4137154e-02
   2.1486113e-02
   1.9239676e-02
   1.7304366e-02
   1.5642252e-02
   1.4192427e-02
   1.2932686e-02
   1.1821945e-02
   1.0847018e-02
   9.9793168e-03
