   4.4313083e-01
   4.8811282e-01
   5.3951878e-01
   5.9750733e-01
   6.6288571e-01
   7.3649822e-01
   8.1919290e-01
   9.1176929e-01
   1.0154286e+00
   1.1308474e+00
   1.2572180e+00
   1.3938528e+00
   1.5392613e+00
   1.6909730e+00
   1.8454212e+00
   1.9972151e+00
   2.1401195e+00
   2.2679265e+00
   2.3744657e+00
   2.4542650e+00
   2.5031227e+00
   2.5177230e+00
   2.4955561e+00
   2.4418741e+00
   2.3606583e+00
   2.2572986e+00
   2.1380457e+00
   2.0094081e+00
   1.8777654e+00
   1.7492456e+00
   1.6280756e+00
   1.5172837e+00
   1.4188912e+00
   1.3340704e+00
   1.2633490e+00
   1.2082698e+00
   1.1667589e+00
   1.1381040e+00
   1.1213722e+00
   1.1154199e+00
   1.1188868e+00
   1.1304806e+00
   1.1482471e+00
   1.1697179e+00
   1.1929272e+00
   1.2160410e+00
   1.2375143e+00
   1.2562369e+00
   1.2713385e+00
   1.2832474e+00
   1.2928918e+00
   1.3016899e+00
   1.3115162e+00
   1.3245624e+00
   1.3433960e+00
   1.3712380e+00
   1.4098275e+00
   1.4613135e+00
   1.5277018e+00
   1.6108730e+00
   1.7126031e+00
   1.8361440e+00
   1.9826742e+00
   2.1525636e+00
   2.3467034e+00
   2.5653781e+00
   2.8079780e+00
   3.0727057e+00
   3.3576014e+00
   3.6543464e+00
   3.9550835e+00
   4.2501683e+00
   4.5287164e+00
   4.7794658e+00
   4.9895217e+00
   5.1484362e+00
   5.2540130e+00
   5.3050963e+00
   5.3044947e+00
   5.2588006e+00
   5.1778179e+00
   5.0727249e+00
   4.9600151e+00
   4.8530137e+00
   4.7630938e+00
   4.6993246e+00
   4.6679440e+00
   4.6729804e+00
   4.7161026e+00
   4.7897789e+00
   4.8866797e+00
   4.9968077e+00
   5.1081254e+00
   5.2074545e+00
   5.2788596e+00
   5.3097992e+00
   5.2926849e+00
   5.2222120e+00
   5.0969699e+00
   4.9194664e+00
   4.6956436e+00
   4.4314876e+00
   4.1429729e+00
   3.8412721e+00
   3.5368157e+00
   3.2385411e+00
   2.9534719e+00
   2.6876846e+00
   2.4449068e+00
   2.2250814e+00
   2.0283186e+00
   1.8539662e+00
   1.7008917e+00
   1.5677038e+00
   1.4545434e+00
   1.3583960e+00
   1.2775654e+00
   1.2108732e+00
   1.1573147e+00
   1.1160684e+00
   1.0867962e+00
   1.0697196e+00
   1.0635762e+00
   1.0683087e+00
   1.0840161e+00
   1.1109367e+00
   1.1494249e+00
   1.2008309e+00
   1.2653193e+00
   1.3427630e+00
   1.4333756e+00
   1.5370496e+00
   1.6531841e+00
   1.7805219e+00
   1.9174968e+00
   2.0593665e+00
   2.2015202e+00
   2.3383876e+00
   2.4637531e+00
   2.5712335e+00
   2.6534031e+00
   2.7043526e+00
   2.7228407e+00
   2.7079655e+00
   2.6608954e+00
   2.5847458e+00
   2.4842535e+00
   2.3641286e+00
   2.2329152e+00
   2.0971501e+00
   1.9623249e+00
   1.8329446e+00
   1.7124189e+00
   1.6034486e+00
   1.5083485e+00
   1.4266391e+00
   1.3584083e+00
   1.3034462e+00
   1.2613825e+00
   1.2317911e+00
   1.2151327e+00
   1.2106767e+00
   1.2177391e+00
   1.2362948e+00
   1.2664850e+00
   1.3086309e+00
   1.3633012e+00
   1.4327507e+00
   1.5165670e+00
   1.6159822e+00
   1.7324702e+00
   1.8677529e+00
   2.0237978e+00
   2.2040971e+00
   2.4117978e+00
   2.6479016e+00
   2.9149006e+00
   3.2150500e+00
   3.5500861e+00
   3.9208488e+00
   4.3299897e+00
   4.7715257e+00
   5.2389801e+00
   5.7234136e+00
   6.2125984e+00
   6.6912815e+00
   7.1406469e+00
   7.5371120e+00
   7.8664775e+00
   8.1149927e+00
   8.2736774e+00
   8.3394026e+00
   8.3153765e+00
   8.2061541e+00
   8.0318739e+00
   7.8153950e+00
   7.5779884e+00
   7.3408498e+00
   7.1235617e+00
   6.9432393e+00
   6.8200032e+00
   6.7584706e+00
   6.7643605e+00
   6.8402011e+00
   6.9854166e+00
   7.1962899e+00
   7.4682738e+00
   7.7895158e+00
   8.1416286e+00
   8.5071827e+00
   8.8669889e+00
   9.2015692e+00
   9.4929282e+00
   9.7197136e+00
   9.8767929e+00
   9.9632504e+00
   9.9835039e+00
   9.9479304e+00
   9.8717256e+00
   9.7731318e+00
   9.6736068e+00
   9.5918562e+00
   9.5408656e+00
   9.5280793e+00
   9.5545576e+00
   9.6148374e+00
   9.6979281e+00
   9.7842467e+00
   9.8536812e+00
   9.8870520e+00
   9.8674747e+00
   9.7822602e+00
   9.6238991e+00
   9.3844562e+00
   9.0792840e+00
   8.7208248e+00
   8.3253973e+00
   7.9114602e+00
   7.4978220e+00
   7.1038454e+00
   6.7470491e+00
   6.4375813e+00
   6.1839649e+00
   5.9920898e+00
   5.8656503e+00
   5.8065569e+00
   5.8218114e+00
   5.9045821e+00
   6.0507587e+00
   6.2555573e+00
   6.5118806e+00
   6.8098744e+00
   7.1369551e+00
   7.4753765e+00
   7.8037584e+00
   8.1018922e+00
   8.3500563e+00
   8.5308164e+00
   8.6307367e+00
   8.6348838e+00
   8.5453747e+00
   8.3721406e+00
   8.1271134e+00
   7.8266601e+00
   7.4899477e+00
   7.1371684e+00
   6.7902147e+00
   6.4670609e+00
   6.1813632e+00
   5.9436520e+00
   5.7615537e+00
   5.6401964e+00
   5.5860743e+00
   5.6012375e+00
   5.6809930e+00
   5.8231502e+00
   6.0236580e+00
   6.2762038e+00
   6.5717732e+00
   6.8998440e+00
   7.2404654e+00
   7.5745798e+00
   7.8821626e+00
   8.1432389e+00
   8.3396628e+00
   8.4542413e+00
   8.4719764e+00
   8.3983274e+00
   8.2380401e+00
   8.0017239e+00
   7.7047570e+00
   7.3657347e+00
   7.0045548e+00
   6.6440502e+00
   6.3021579e+00
   5.9931543e+00
   5.7281873e+00
   5.5154339e+00
   5.3608893e+00
   5.2745693e+00
