   4.4186360e-01
   4.8682847e-01
   5.3821697e-01
   5.9618772e-01
   6.6154799e-01
   7.3514205e-01
   8.1781794e-01
   9.1037519e-01
   1.0140149e+00
   1.1294139e+00
   1.2557641e+00
   1.3923783e+00
   1.5377658e+00
   1.6894560e+00
   1.8438823e+00
   1.9956538e+00
   2.1385354e+00
   2.2663191e+00
   2.3728346e+00
   2.4526097e+00
   2.5014428e+00
   2.5160178e+00
   2.4938252e+00
   2.4401170e+00
   2.3588744e+00
   2.2554874e+00
   2.1362065e+00
   2.0075404e+00
   1.8758686e+00
   1.7473189e+00
   1.6261186e+00
   1.5152956e+00
   1.4168714e+00
   1.3320181e+00
   1.2612636e+00
   1.2061504e+00
   1.1646049e+00
   1.1359145e+00
   1.1191465e+00
   1.1131571e+00
   1.1165862e+00
   1.1281412e+00
   1.1458679e+00
   1.1672981e+00
   1.1904657e+00
   1.2135370e+00
   1.2349667e+00
   1.2536448e+00
   1.2687005e+00
   1.2805626e+00
   1.2901589e+00
   1.2989079e+00
   1.3086838e+00
   1.3216783e+00
   1.3404590e+00
   1.3682466e+00
   1.4067804e+00
   1.4582092e+00
   1.5245389e+00
   1.6076500e+00
   1.7093183e+00
   1.8327958e+00
   1.9792609e+00
   2.1490834e+00
   2.3431545e+00
   2.5617586e+00
   2.8042861e+00
   3.0689393e+00
   3.3537583e+00
   3.6504245e+00
   3.9510805e+00
   4.2460819e+00
   4.5245443e+00
   4.7752055e+00
   4.9851704e+00
   5.1439913e+00
   5.2494715e+00
   5.3004556e+00
   5.2997516e+00
   5.2539521e+00
   5.1728607e+00
   5.0676555e+00
   4.9548298e+00
   4.8477088e+00
   4.7576657e+00
   4.6937693e+00
   4.6622573e+00
   4.6671580e+00
   4.7101396e+00
   4.7836707e+00
   4.8804214e+00
   4.9903941e+00
   5.1015514e+00
   5.2007144e+00
   5.2719473e+00
   5.3027083e+00
   5.2854090e+00
   5.2147445e+00
   5.0893038e+00
   4.9115945e+00
   4.6875582e+00
   4.4231797e+00
   4.1344340e+00
   3.8324934e+00
   3.5277879e+00
   3.2292543e+00
   2.9439159e+00
   2.6778479e+00
   2.4347773e+00
   2.2146469e+00
   2.0175665e+00
   1.8428829e+00
   1.6894631e+00
   1.5559150e+00
   1.4423770e+00
   1.3458349e+00
   1.2645917e+00
   1.1974681e+00
   1.1434581e+00
   1.1017392e+00
   1.0719713e+00
   1.0543730e+00
   1.0476821e+00
   1.0518400e+00
   1.0669438e+00
   1.0932298e+00
   1.1310506e+00
   1.1817513e+00
   1.2454949e+00
   1.3221531e+00
   1.4119367e+00
   1.5147351e+00
   1.6299440e+00
   1.7563024e+00
   1.8922331e+00
   2.0329955e+00
   2.1739741e+00
   2.3095930e+00
   2.4336308e+00
   2.5396980e+00
   2.6203566e+00
   2.6696865e+00
   2.6864440e+00
   2.6697173e+00
   2.6206640e+00
   2.5423874e+00
   2.4396113e+00
   2.3170124e+00
   2.1831295e+00
   2.0444839e+00
   1.9065460e+00
   1.7737969e+00
   1.6496196e+00
   1.5366754e+00
   1.4372189e+00
   1.3507594e+00
   1.2773402e+00
   1.2167009e+00
   1.1684138e+00
   1.1319873e+00
   1.1077512e+00
   1.0948978e+00
   1.0926725e+00
   1.1009357e+00
   1.1196975e+00
   1.1491295e+00
   1.1896227e+00
   1.2430319e+00
   1.3088820e+00
   1.3881438e+00
   1.4819970e+00
   1.5918337e+00
   1.7192562e+00
   1.8671534e+00
   2.0381191e+00
   2.2329476e+00
   2.4536948e+00
   2.7022214e+00
   2.9799583e+00
   3.2875908e+00
   3.6273258e+00
   3.9941565e+00
   4.3826739e+00
   4.7854203e+00
   5.1921982e+00
   5.5902900e+00
   5.9640113e+00
   6.2937072e+00
   6.5675349e+00
   6.7740317e+00
   6.9057102e+00
   6.9599593e+00
   6.9394496e+00
   6.8479765e+00
   6.7023180e+00
   6.5215199e+00
   6.3233061e+00
   6.1253379e+00
   5.9439324e+00
   5.7933508e+00
   5.6903607e+00
   5.6388062e+00
   5.6434523e+00
   5.7064046e+00
   5.8271825e+00
   6.0026874e+00
   6.2291298e+00
   6.4966318e+00
   6.7898694e+00
   7.0943173e+00
   7.3939840e+00
   7.6726373e+00
   7.9152804e+00
   8.1041200e+00
   8.2348781e+00
   8.3067910e+00
   8.3235398e+00
   8.2937718e+00
   8.2301496e+00
   8.1478752e+00
   8.0648298e+00
   7.9966009e+00
   7.9540095e+00
   7.9432591e+00
   7.9652329e+00
   8.0153782e+00
   8.0845363e+00
   8.1563877e+00
   8.2141720e+00
   8.2419062e+00
   8.2255197e+00
   8.1544382e+00
   8.0224037e+00
   7.8228038e+00
   7.5684316e+00
   7.2696558e+00
   6.9400751e+00
   6.5950718e+00
   6.2503195e+00
   5.9219537e+00
   5.6245733e+00
   5.3666351e+00
   5.1552411e+00
   4.9952998e+00
   4.8898897e+00
   4.8406026e+00
   4.8532736e+00
   4.9222094e+00
   5.0439847e+00
   5.2146128e+00
   5.4281793e+00
   5.6764723e+00
   5.9490054e+00
   6.2309903e+00
   6.5046098e+00
   6.7530235e+00
   6.9597967e+00
   7.1104007e+00
   7.1936391e+00
   7.1970673e+00
   7.1224495e+00
   6.9780616e+00
   6.7738468e+00
   6.5234443e+00
   6.2428265e+00
   5.9488203e+00
   5.6596694e+00
   5.3903524e+00
   5.1522494e+00
   4.9541357e+00
   4.8023666e+00
   4.7012156e+00
   4.6560943e+00
   4.6687114e+00
   4.7351558e+00
   4.8536021e+00
   5.0206743e+00
   5.2311120e+00
   5.4774031e+00
   5.7507792e+00
   6.0346144e+00
   6.3130276e+00
   6.5693314e+00
   6.7868802e+00
   6.9505523e+00
   7.0460202e+00
   7.0607857e+00
   6.9993981e+00
   6.8658121e+00
   6.6688691e+00
   6.4213841e+00
   6.1388532e+00
   5.8378579e+00
   5.5374257e+00
   5.2525040e+00
   4.9949897e+00
   4.7741729e+00
   4.5968676e+00
   4.4680698e+00
   4.3961262e+00
