   9.5178098e-02
   1.1130605e-01
   1.3066242e-01
   1.5385167e-01
   1.8193904e-01
   2.1532513e-01
   2.5437467e-01
   2.9922087e-01
   3.4942526e-01
   4.0261056e-01
   4.5566880e-01
   5.0399119e-01
   5.4185445e-01
   5.6519074e-01
   5.7116448e-01
   5.5788478e-01
   5.2829999e-01
   4.8680387e-01
   4.3820188e-01
   3.8761158e-01
   3.3934824e-01
   2.9584051e-01
   2.5861563e-01
   2.2831587e-01
   2.0427969e-01
   1.8595081e-01
   1.7280258e-01
   1.6367801e-01
   1.5734559e-01
   1.5267387e-01
   1.4846275e-01
   1.4360942e-01
   1.3747790e-01
   1.2976801e-01
   1.2056537e-01
   1.1048321e-01
   1.0014186e-01
   9.0204105e-02
   8.1232868e-02
   7.3499304e-02
   6.7149987e-02
   6.2323343e-02
   5.8897411e-02
   5.6759490e-02
   5.5804408e-02
   5.5939671e-02
   5.6848511e-02
   5.8255663e-02
   5.9825813e-02
   6.1155365e-02
   6.1945170e-02
   6.2014473e-02
   6.1286105e-02
   5.9944457e-02
   5.8287267e-02
   5.6641601e-02
   5.5387818e-02
   5.4756865e-02
   5.4864291e-02
   5.5725238e-02
   5.7213344e-02
   5.9015911e-02
   6.0810289e-02
   6.2225527e-02
   6.2954720e-02
   6.2887223e-02
   6.2042915e-02
   6.0562899e-02
   5.8803913e-02
   5.7095816e-02
   5.5744220e-02
   5.5054579e-02
   5.5154945e-02
   5.6154886e-02
   5.8180640e-02
   6.1339111e-02
   6.5675768e-02
   7.1317118e-02
   7.8544384e-02
   8.7556047e-02
   9.8609312e-02
   1.1207115e-01
   1.2870179e-01
   1.4883378e-01
   1.7307640e-01
   2.0222471e-01
   2.3714047e-01
   2.7785291e-01
   3.2424485e-01
   3.7562637e-01
   4.2948807e-01
   4.8214971e-01
   5.2915125e-01
   5.6427869e-01
   5.8376037e-01
   5.8547352e-01
   5.6905017e-01
   5.3629559e-01
   4.9291026e-01
   4.4376428e-01
   3.9359289e-01
   3.4641737e-01
   3.0429706e-01
   2.6822985e-01
   2.3889189e-01
   2.1565428e-01
   1.9791196e-01
   1.8519486e-01
   1.7737265e-01
   1.7370337e-01
   1.7399949e-01
   1.7833440e-01
   1.8692141e-01
   1.9979463e-01
   2.1735464e-01
   2.4050629e-01
   2.6988993e-01
   3.0612013e-01
   3.4997213e-01
   4.0283878e-01
   4.6416969e-01
   5.3319339e-01
   6.0814229e-01
   6.8535636e-01
   7.5979909e-01
   8.2661779e-01
   8.8089859e-01
   9.2029338e-01
   9.4599949e-01
   9.6081673e-01
   9.6884873e-01
   9.7504719e-01
   9.8170366e-01
   9.8859302e-01
   9.9246635e-01
   9.8920361e-01
   9.7533987e-01
   9.4861958e-01
   9.1000631e-01
   8.6391117e-01
   8.1551689e-01
   7.7119452e-01
   7.3656708e-01
   7.1518640e-01
   7.0937250e-01
   7.2160209e-01
   7.4968562e-01
   7.9150913e-01
   8.4359567e-01
   9.0005553e-01
   9.5383470e-01
   9.9880010e-01
   1.0292666e+00
   1.0434079e+00
   1.0435116e+00
   1.0339757e+00
   1.0214221e+00
   1.0132396e+00
   1.0141980e+00
   1.0267188e+00
   1.0501647e+00
   1.0793221e+00
   1.1084612e+00
   1.1312308e+00
   1.1427712e+00
   1.1423836e+00
   1.1319651e+00
   1.1160144e+00
   1.1013646e+00
   1.0932249e+00
   1.0947034e+00
   1.1064025e+00
   1.1237914e+00
   1.1415368e+00
   1.1536343e+00
   1.1550378e+00
   1.1449873e+00
   1.1252397e+00
   1.1000431e+00
   1.0758729e+00
   1.0576630e+00
   1.0480624e+00
   1.0471577e+00
   1.0500259e+00
   1.0507489e+00
   1.0428118e+00
   1.0201146e+00
   9.8158306e-01
   9.2847983e-01
   8.6447000e-01
   7.9628435e-01
   7.3040102e-01
   6.7197140e-01
   6.2592500e-01
   5.9406988e-01
   5.7721244e-01
   5.7575220e-01
   5.9017292e-01
   6.1774898e-01
   6.5593985e-01
