   1.0081100e-01
   1.1793636e-01
   1.3849157e-01
   1.6311891e-01
   1.9295012e-01
   2.2841084e-01
   2.6988838e-01
   3.1752389e-01
   3.7085056e-01
   4.2734131e-01
   4.8369212e-01
   5.3500334e-01
   5.7519065e-01
   5.9992947e-01
   6.0620438e-01
   5.9200267e-01
   5.6045575e-01
   5.1623080e-01
   4.6443164e-01
   4.1049027e-01
   3.5898981e-01
   3.1250567e-01
   2.7265332e-01
   2.4010692e-01
   2.1416232e-01
   1.9422831e-01
   1.7974972e-01
   1.6951818e-01
   1.6225718e-01
   1.5680414e-01
   1.5193999e-01
   1.4652882e-01
   1.3991590e-01
   1.3178691e-01
   1.2221598e-01
   1.1180139e-01
   1.0115430e-01
   9.0929637e-02
   8.1681468e-02
   7.3672916e-02
   6.7043607e-02
   6.1923852e-02
   5.8185522e-02
   5.5711648e-02
   5.4394764e-02
   5.4143268e-02
   5.4652372e-02
   5.5663396e-02
   5.6865544e-02
   5.7886047e-02
   5.8445940e-02
   5.8377123e-02
   5.7607599e-02
   5.6301561e-02
   5.4727164e-02
   5.3180346e-02
   5.2007196e-02
   5.1415604e-02
   5.1510252e-02
   5.2305226e-02
   5.3686670e-02
   5.5369906e-02
   5.7062521e-02
   5.8429516e-02
   5.9193645e-02
   5.9255690e-02
   5.8636314e-02
   5.7469485e-02
   5.6082230e-02
   5.4778906e-02
   5.3843847e-02
   5.3566426e-02
   5.4068768e-02
   5.5461513e-02
   5.7876887e-02
   6.1432934e-02
   6.6187596e-02
   7.2281520e-02
   8.0016968e-02
   8.9612051e-02
   1.0134501e-01
   1.1560886e-01
   1.3321169e-01
   1.5451098e-01
   1.8015515e-01
   2.1098890e-01
   2.4792710e-01
   2.9100162e-01
   3.4008683e-01
   3.9444628e-01
   4.5141101e-01
   5.0706792e-01
   5.5667359e-01
   5.9361617e-01
   6.1388486e-01
   6.1521864e-01
   5.9721924e-01
   5.6179351e-01
   5.1499561e-01
   4.6199152e-01
   4.0779714e-01
   3.5666914e-01
   3.1078314e-01
   2.7117880e-01
   2.3853454e-01
   2.1215578e-01
   1.9136513e-01
   1.7561514e-01
   1.6467562e-01
   1.5771193e-01
   1.5443886e-01
   1.5480493e-01
   1.5886819e-01
   1.6654108e-01
   1.7805967e-01
   1.9406342e-01
   2.1497704e-01
   2.4122022e-01
   2.7334784e-01
   3.1239402e-01
   3.5791574e-01
   4.0932124e-01
   4.6527739e-01
   5.2303607e-01
   5.7880862e-01
   6.2895356e-01
   6.6979013e-01
   6.9955947e-01
   7.1916063e-01
   7.3070067e-01
   7.3727714e-01
   7.4261198e-01
   7.4843953e-01
   7.5461499e-01
   7.5874686e-01
   7.5776715e-01
   7.4912066e-01
   7.3118445e-01
   7.0476426e-01
   6.7323246e-01
   6.4057263e-01
   6.1173133e-01
   5.9104284e-01
   5.8128282e-01
   5.8431006e-01
   6.0217210e-01
   6.3308560e-01
   6.7527645e-01
   7.2575645e-01
   7.7940205e-01
   8.3010301e-01
   8.7250096e-01
   9.0160540e-01
   9.1587426e-01
   9.1740754e-01
   9.1015770e-01
   9.0003487e-01
   8.9365128e-01
   8.9527120e-01
   9.0706454e-01
   9.2847731e-01
   9.5489525e-01
   9.8123550e-01
   1.0018593e+00
   1.0124550e+00
   1.0124101e+00
   1.0034154e+00
   9.8947281e-01
   9.7666133e-01
   9.6961499e-01
   9.7109910e-01
   9.8165019e-01
   9.9724444e-01
   1.0131427e+00
   1.0240087e+00
   1.0253585e+00
   1.0165178e+00
   9.9904961e-01
   9.7673011e-01
   9.5531653e-01
   9.3919511e-01
   9.3072126e-01
   9.2997206e-01
   9.3257231e-01
   9.3326183e-01
   9.2624996e-01
   9.0611464e-01
   8.7190156e-01
   8.2473320e-01
   7.6786759e-01
   7.0728787e-01
   6.4875267e-01
   5.9684114e-01
   5.5593513e-01
   5.2764201e-01
   5.1267875e-01
   5.1140055e-01
   5.2423746e-01
   5.4876690e-01
   5.8273068e-01
