   1.0071352e-01
   1.1783661e-01
   1.3838949e-01
   1.6301442e-01
   1.9284315e-01
   2.2830130e-01
   2.6977619e-01
   3.1740897e-01
   3.7073281e-01
   4.2722066e-01
   4.8356845e-01
   5.3487656e-01
   5.7506064e-01
   5.9979614e-01
   6.0606761e-01
   5.9186234e-01
   5.6031172e-01
   5.1608296e-01
   4.6427985e-01
   4.1033438e-01
   3.5882967e-01
   3.1234113e-01
   2.7248422e-01
   2.3993308e-01
   2.1398357e-01
   1.9404446e-01
   1.7956057e-01
   1.6932353e-01
   1.6205682e-01
   1.5659784e-01
   1.5172750e-01
   1.4630990e-01
   1.3969028e-01
   1.3155433e-01
   1.2197614e-01
   1.1155398e-01
   1.0089901e-01
   9.0666130e-02
   8.1409373e-02
   7.3391864e-02
   6.6753211e-02
   6.1623673e-02
   5.7875117e-02
   5.5390559e-02
   5.4062504e-02
   5.3799280e-02
   5.4296112e-02
   5.5294288e-02
   5.6482956e-02
   5.7489293e-02
   5.8034328e-02
   5.7949922e-02
   5.7163982e-02
   5.5840669e-02
   5.4248111e-02
   5.2682191e-02
   5.1488841e-02
   5.0875965e-02
   5.0948177e-02
   5.1719457e-02
   5.3075794e-02
   5.4732502e-02
   5.6397072e-02
   5.7734309e-02
   5.8466845e-02
   5.8495402e-02
   5.7840505e-02
   5.6635783e-02
   5.5208214e-02
   5.3862000e-02
   5.2881240e-02
   5.2554849e-02
   5.3004927e-02
   5.4341841e-02
   5.6697353e-02
   6.0189063e-02
   6.4874743e-02
   7.0894632e-02
   7.8550127e-02
   8.8058981e-02
   9.9699001e-02
   1.1386255e-01
   1.3135618e-01
   1.5253722e-01
   1.7805315e-01
   2.0874730e-01
   2.4553273e-01
   2.8844067e-01
   3.3734395e-01
   3.9150330e-01
   4.4824776e-01
   5.0366251e-01
   5.5300148e-01
   5.8964710e-01
   6.0958657e-01
   6.1055489e-01
   5.9214811e-01
   5.5626380e-01
   5.0895222e-01
   4.5537125e-01
   4.0052351e-01
   3.4865199e-01
   3.0192182e-01
   2.6135615e-01
   2.2760184e-01
   1.9994357e-01
   1.7767680e-01
   1.6021635e-01
   1.4725972e-01
   1.3793560e-01
   1.3189074e-01
   1.2897117e-01
   1.2910130e-01
   1.3209509e-01
   1.3803803e-01
   1.4731407e-01
   1.6014466e-01
   1.7676404e-01
   1.9751391e-01
   2.2307570e-01
   2.5312095e-01
   2.8724299e-01
   3.2454860e-01
   3.6320814e-01
   4.0068569e-01
   4.3455680e-01
   4.6238200e-01
   4.8299978e-01
   4.9701785e-01
   5.0585999e-01
   5.1163524e-01
   5.1684677e-01
   5.2268697e-01
   5.2911242e-01
   5.3462621e-01
   5.3723276e-01
   5.3532275e-01
   5.2796160e-01
   5.1586471e-01
   5.0141833e-01
   4.8748490e-01
   4.7772140e-01
   4.7526791e-01
   4.8221403e-01
   5.0005278e-01
   5.3055465e-01
   5.7223033e-01
   6.2349507e-01
   6.8154518e-01
   7.4145851e-01
   7.9741323e-01
   8.4421903e-01
   8.7699880e-01
   8.9435716e-01
   8.9851406e-01
   8.9349973e-01
   8.8526770e-01
   8.8051003e-01
   8.8353540e-01
   8.9654532e-01
   9.1900806e-01
   9.4634572e-01
   9.7349407e-01
   9.9482665e-01
   1.0060464e+00
   1.0065559e+00
   9.9805525e-01
   9.8455075e-01
   9.7213139e-01
   9.6543768e-01
   9.6723945e-01
   9.7807522e-01
   9.9392755e-01
   1.0100602e+00
   1.0211390e+00
   1.0226818e+00
   1.0140177e+00
   9.9671115e-01
   9.7453929e-01
   9.5326112e-01
   9.3726444e-01
   9.2890565e-01
   9.2826206e-01
   9.3096004e-01
   9.3174016e-01
   9.2481223e-01
   9.0475454e-01
   8.7061373e-01
   8.2351273e-01
   7.6670976e-01
   7.0618839e-01
   6.4770777e-01
   5.9584736e-01
   5.5498902e-01
   5.2674060e-01
   5.1181934e-01
   5.1058060e-01
   5.2345446e-01
   5.4801871e-01
   5.8201532e-01
