   9.5324323e-02
   1.1145567e-01
   1.3081554e-01
   1.5400841e-01
   1.8209950e-01
   2.1548944e-01
   2.5454295e-01
   2.9939324e-01
   3.4960187e-01
   4.0279154e-01
   4.5585430e-01
   5.0418136e-01
   5.4204945e-01
   5.6539073e-01
   5.7136964e-01
   5.5809528e-01
   5.2851602e-01
   4.8702563e-01
   4.3842957e-01
   3.8784542e-01
   3.3958845e-01
   2.9608732e-01
   2.5886928e-01
   2.2857663e-01
   2.0454783e-01
   1.8622658e-01
   1.7308630e-01
   1.6396999e-01
   1.5764615e-01
   1.5298333e-01
   1.4878149e-01
   1.4393781e-01
   1.3781632e-01
   1.3011687e-01
   1.2092514e-01
   1.1085432e-01
   1.0052478e-01
   9.0599365e-02
   8.1641010e-02
   7.3920882e-02
   6.7585581e-02
   6.2773612e-02
   5.9363019e-02
   5.7241124e-02
   5.6302799e-02
   5.6455653e-02
   5.7382901e-02
   5.8809326e-02
   6.0399694e-02
   6.1750496e-02
   6.2562587e-02
   6.2655275e-02
   6.1951531e-02
   6.0635795e-02
   5.9005846e-02
   5.7388834e-02
   5.6165351e-02
   5.5566324e-02
   5.5707404e-02
   5.6603892e-02
   5.8129659e-02
   5.9972017e-02
   6.1808462e-02
   6.3268337e-02
   6.4044920e-02
   6.4027655e-02
   6.3236629e-02
   6.1813452e-02
   6.0114937e-02
   5.8471174e-02
   5.7188131e-02
   5.6571943e-02
   5.6750706e-02
   5.7834393e-02
   5.9949940e-02
   6.3204918e-02
   6.7645048e-02
   7.3397452e-02
   8.0744645e-02
   8.9885652e-02
   1.0107833e-01
   1.1469062e-01
   1.3148506e-01
   1.5179443e-01
   1.7622941e-01
   2.0558712e-01
   2.4073202e-01
   2.8169433e-01
   3.2835917e-01
   3.8004084e-01
   4.3423294e-01
   4.8725783e-01
   5.3465943e-01
   5.7023230e-01
   5.9020781e-01
   5.9246914e-01
   5.7665686e-01
   5.4459015e-01
   5.0197535e-01
   4.5369469e-01
   4.0450336e-01
   3.5844313e-01
   3.1758909e-01
   2.8296389e-01
   2.5529102e-01
   2.3397269e-01
   2.1844457e-01
   2.0829319e-01
   2.0349666e-01
   2.0336802e-01
   2.0782184e-01
   2.1708520e-01
   2.3157189e-01
   2.5146375e-01
   2.7738723e-01
   3.1063042e-01
   3.5213859e-01
   4.0280446e-01
   4.6372309e-01
   5.3681629e-01
   6.2136191e-01
   7.1631078e-01
   8.1923548e-01
   9.2509826e-01
   1.0269835e+00
   1.1182129e+00
   1.1920108e+00
   1.2451329e+00
   1.2792137e+00
   1.2980777e+00
   1.3073116e+00
   1.3136950e+00
   1.3203325e+00
   1.3268469e+00
   1.3286474e+00
   1.3200052e+00
   1.2960368e+00
   1.2534540e+00
   1.1933558e+00
   1.1216326e+00
   1.0451489e+00
   9.7220994e-01
   9.1023014e-01
   8.6379032e-01
   8.3575917e-01
   8.2902894e-01
   8.4096908e-01
   8.6918163e-01
   9.0991286e-01
   9.5697102e-01
   1.0028695e+00
   1.0412231e+00
   1.0661766e+00
   1.0756836e+00
   1.0718518e+00
   1.0589627e+00
   1.0435728e+00
   1.0329515e+00
   1.0318017e+00
   1.0424976e+00
   1.0643686e+00
   1.0921464e+00
   1.1200733e+00
   1.1417798e+00
   1.1523842e+00
   1.1511649e+00
   1.1400054e+00
   1.1233975e+00
   1.1081595e+00
   1.0994909e+00
   1.1004929e+00
   1.1117650e+00
   1.1287668e+00
   1.1461605e+00
   1.1579389e+00
   1.1590529e+00
   1.1487375e+00
   1.1287474e+00
   1.1033293e+00
   1.0789560e+00
   1.0605590e+00
   1.0507858e+00
   1.0497227e+00
   1.0524443e+00
   1.0530314e+00
   1.0449684e+00
   1.0221547e+00
   9.8351481e-01
   9.3031054e-01
   8.6620676e-01
   7.9793357e-01
   7.3196836e-01
   6.7346207e-01
   6.2734416e-01
   5.9542198e-01
   5.7850156e-01
   5.7698213e-01
   5.9134742e-01
   6.1887126e-01
   6.5701289e-01
