   9.5373064e-02
   1.1150554e-01
   1.3086658e-01
   1.5406065e-01
   1.8215299e-01
   2.1554421e-01
   2.5459904e-01
   2.9945070e-01
   3.4966074e-01
   4.0285187e-01
   4.5591613e-01
   5.0424475e-01
   5.4211445e-01
   5.6545740e-01
   5.7143802e-01
   5.5816545e-01
   5.2858804e-01
   4.8709955e-01
   4.3850546e-01
   3.8792336e-01
   3.3966852e-01
   2.9616959e-01
   2.5895383e-01
   2.2866355e-01
   2.0463720e-01
   1.8631851e-01
   1.7318087e-01
   1.6406732e-01
   1.5774633e-01
   1.5308648e-01
   1.4888773e-01
   1.4404727e-01
   1.3792913e-01
   1.3023316e-01
   1.2104506e-01
   1.1097802e-01
   1.0065243e-01
   9.0731119e-02
   8.1777058e-02
   7.4061408e-02
   6.7730780e-02
   6.2923702e-02
   5.9518222e-02
   5.7401669e-02
   5.6468929e-02
   5.6627647e-02
   5.7561031e-02
   5.8993880e-02
   6.0590988e-02
   6.1948874e-02
   6.2768393e-02
   6.2868875e-02
   6.2173340e-02
   6.0866241e-02
   5.9245372e-02
   5.7637912e-02
   5.6424529e-02
   5.5836144e-02
   5.5988442e-02
   5.6896777e-02
   5.8435097e-02
   6.0290719e-02
   6.2141187e-02
   6.3615941e-02
   6.4408320e-02
   6.4407799e-02
   6.3634534e-02
   6.2230303e-02
   6.0551945e-02
   5.8929627e-02
   5.7669434e-02
   5.7077731e-02
   5.7282626e-02
   5.8394228e-02
   6.0539707e-02
   6.3826854e-02
   6.8301474e-02
   7.4090896e-02
   8.1478066e-02
   9.0662188e-02
   1.0190133e-01
   1.1556377e-01
   1.3241281e-01
   1.5278131e-01
   1.7728041e-01
   2.0670792e-01
   2.4192920e-01
   2.8297480e-01
   3.2973061e-01
   3.8151233e-01
   4.3581457e-01
   4.8896053e-01
   5.3649549e-01
   5.7221683e-01
   5.9235696e-01
   5.9480102e-01
   5.7919242e-01
   5.4735501e-01
   5.0499705e-01
   4.5700483e-01
   4.0814018e-01
   3.6245172e-01
   3.2201977e-01
   2.8787525e-01
   2.6075741e-01
   2.4007884e-01
   2.2528879e-01
   2.1599265e-01
   2.1220467e-01
   2.1325625e-01
   2.1909597e-01
   2.3000215e-01
   2.4645539e-01
   2.6868680e-01
   2.9739809e-01
   3.3400514e-01
   3.7955482e-01
   4.3503257e-01
   5.0164008e-01
   5.8147546e-01
   6.7375931e-01
   7.7734991e-01
   8.8959988e-01
   1.0050122e+00
   1.1160449e+00
   1.2154113e+00
   1.2957148e+00
   1.3534128e+00
   1.3902850e+00
   1.4104981e+00
   1.4201325e+00
   1.4265776e+00
   1.4332088e+00
   1.4395982e+00
   1.4407077e+00
   1.4302724e+00
   1.4029358e+00
   1.3550654e+00
   1.2878056e+00
   1.2075398e+00
   1.1216929e+00
   1.0392151e+00
   9.6811788e-01
   9.1332504e-01
   8.7788813e-01
   8.6483797e-01
   8.7139696e-01
   8.9507251e-01
   9.3201862e-01
   9.7594288e-01
   1.0192144e+00
   1.0553641e+00
   1.0784799e+00
   1.0864421e+00
   1.0812985e+00
   1.0672917e+00
   1.0509564e+00
   1.0395221e+00
   1.0376696e+00
   1.0477572e+00
   1.0691032e+00
   1.0964212e+00
   1.1239441e+00
   1.1452962e+00
   1.1555885e+00
   1.1540920e+00
   1.1426855e+00
   1.1258585e+00
   1.1104245e+00
   1.1015795e+00
   1.1024227e+00
   1.1135524e+00
   1.1304252e+00
   1.1477018e+00
   1.1593738e+00
   1.1603913e+00
   1.1499876e+00
   1.1299167e+00
   1.1044247e+00
   1.0799838e+00
   1.0615243e+00
   1.0516936e+00
   1.0505777e+00
   1.0532505e+00
   1.0537923e+00
   1.0456872e+00
   1.0228348e+00
   9.8415872e-01
   9.3092078e-01
   8.6678568e-01
   7.9848331e-01
   7.3249081e-01
   6.7395896e-01
   6.2781721e-01
   5.9587269e-01
   5.7893126e-01
   5.7739211e-01
   5.9173892e-01
   6.1924535e-01
   6.5737057e-01
