   9.5470547e-02
   1.1160529e-01
   1.3096866e-01
   1.5416514e-01
   1.8225996e-01
   2.1565375e-01
   2.5471123e-01
   2.9956562e-01
   3.4977848e-01
   4.0297253e-01
   4.5603980e-01
   5.0437153e-01
   5.4224445e-01
   5.6559073e-01
   5.7157479e-01
   5.5830579e-01
   5.2873206e-01
   4.8724739e-01
   4.3865726e-01
   3.8807926e-01
   3.3982866e-01
   2.9633413e-01
   2.5912294e-01
   2.2883739e-01
   2.0481596e-01
   1.8650236e-01
   1.7337002e-01
   1.6426197e-01
   1.5794670e-01
   1.5329278e-01
   1.4910023e-01
   1.4426619e-01
   1.3815474e-01
   1.3046573e-01
   1.2128490e-01
   1.1122543e-01
   1.0090771e-01
   9.0994625e-02
   8.2049153e-02
   7.4342460e-02
   6.8021176e-02
   6.3223881e-02
   5.9828627e-02
   5.7722759e-02
   5.6801189e-02
   5.6971635e-02
   5.7917291e-02
   5.9362988e-02
   6.0973575e-02
   6.2345628e-02
   6.3180005e-02
   6.3296076e-02
   6.2616957e-02
   6.1327133e-02
   5.9724425e-02
   5.8136067e-02
   5.6942884e-02
   5.6375783e-02
   5.6550517e-02
   5.7482546e-02
   5.9045974e-02
   6.0928123e-02
   6.2806635e-02
   6.4311148e-02
   6.5135120e-02
   6.5168086e-02
   6.4430343e-02
   6.3064004e-02
   6.1425962e-02
   5.9846532e-02
   5.8632041e-02
   5.8089307e-02
   5.8346467e-02
   5.9513900e-02
   6.1719241e-02
   6.5070725e-02
   6.9614327e-02
   7.5477786e-02
   8.2944907e-02
   9.2215258e-02
   1.0354734e-01
   1.1731009e-01
   1.3426832e-01
   1.5475508e-01
   1.7938241e-01
   2.0894953e-01
   2.4432357e-01
   2.8553575e-01
   3.3247349e-01
   3.8445530e-01
   4.3897782e-01
   4.9236594e-01
   5.4016761e-01
   5.7618590e-01
   5.9665526e-01
   5.9946477e-01
   5.8426354e-01
   5.5288471e-01
   5.1104044e-01
   4.6362511e-01
   4.1541383e-01
   3.7046890e-01
   3.3088114e-01
   2.9769797e-01
   2.7169019e-01
   2.5229115e-01
   2.3897723e-01
   2.3139158e-01
   2.2962071e-01
   2.3303273e-01
   2.4164424e-01
   2.5583605e-01
   2.7622240e-01
   3.0313291e-01
   3.3741983e-01
   3.8075457e-01
   4.3438727e-01
   4.9948879e-01
   5.7747405e-01
   6.7079381e-01
   7.7855412e-01
   8.9942817e-01
   1.0303287e+00
   1.1648402e+00
   1.2941679e+00
   1.4098081e+00
   1.5031230e+00
   1.5699724e+00
   1.6124278e+00
   1.6353388e+00
   1.6457744e+00
   1.6523428e+00
   1.6589613e+00
   1.6651007e+00
   1.6648284e+00
   1.6508069e+00
   1.6167337e+00
   1.5582884e+00
   1.4767053e+00
   1.3793542e+00
   1.2747810e+00
   1.1732255e+00
   1.0838934e+00
   1.0123945e+00
   9.6214616e-01
   9.3645613e-01
   9.3225282e-01
   9.4685435e-01
   9.7623021e-01
   1.0138866e+00
   1.0519043e+00
   1.0836461e+00
   1.1030866e+00
   1.1079592e+00
   1.1001920e+00
   1.0839496e+00
   1.0657236e+00
   1.0526634e+00
   1.0494054e+00
   1.0582764e+00
   1.0785724e+00
   1.1049707e+00
   1.1316855e+00
   1.1523288e+00
   1.1619972e+00
   1.1599462e+00
   1.1480456e+00
   1.1307806e+00
   1.1149545e+00
   1.1057568e+00
   1.1062824e+00
   1.1171274e+00
   1.1337421e+00
   1.1507842e+00
   1.1622435e+00
   1.1630680e+00
   1.1524878e+00
   1.1322551e+00
   1.1066155e+00
   1.0820392e+00
   1.0634550e+00
   1.0535092e+00
   1.0522877e+00
   1.0548627e+00
   1.0553139e+00
   1.0471250e+00
   1.0241949e+00
   9.8544655e-01
   9.3214125e-01
   8.6794351e-01
   7.9958279e-01
   7.3353570e-01
   6.7495275e-01
   6.2876332e-01
   5.9677409e-01
   5.7979068e-01
   5.7821207e-01
   5.9252193e-01
   6.1999354e-01
   6.5808593e-01
