   9.5031874e-02
   1.1115642e-01
   1.3050929e-01
   1.5369494e-01
   1.8177858e-01
   2.1516082e-01
   2.5420639e-01
   2.9904850e-01
   3.4924865e-01
   4.0242957e-01
   4.5548330e-01
   5.0380102e-01
   5.4165944e-01
   5.6499074e-01
   5.7095933e-01
   5.5767428e-01
   5.2808395e-01
   4.8658211e-01
   4.3797419e-01
   3.8737774e-01
   3.3910803e-01
   2.9559370e-01
   2.5836198e-01
   2.2805511e-01
   2.0401156e-01
   1.8567503e-01
   1.7251886e-01
   1.6338603e-01
   1.5704504e-01
   1.5236441e-01
   1.4814401e-01
   1.4328103e-01
   1.3713948e-01
   1.2941914e-01
   1.2020561e-01
   1.1011210e-01
   9.9758933e-02
   8.9808845e-02
   8.0824725e-02
   7.3077727e-02
   6.6714393e-02
   6.1873074e-02
   5.8431803e-02
   5.6277855e-02
   5.5306017e-02
   5.5423689e-02
   5.6314120e-02
   5.7702001e-02
   5.9251931e-02
   6.0560234e-02
   6.1327752e-02
   6.1373672e-02
   6.0620679e-02
   5.9253119e-02
   5.7568687e-02
   5.5894368e-02
   5.4610286e-02
   5.3947405e-02
   5.4021178e-02
   5.4846584e-02
   5.6297029e-02
   5.8059806e-02
   5.9812116e-02
   6.1182716e-02
   6.1864520e-02
   6.1746792e-02
   6.0849202e-02
   5.9312347e-02
   5.7492889e-02
   5.5720458e-02
   5.4300310e-02
   5.3537215e-02
   5.3559185e-02
   5.4475379e-02
   5.6411339e-02
   5.9473304e-02
   6.3706489e-02
   6.9236785e-02
   7.6344122e-02
   8.5226442e-02
   9.6140296e-02
   1.0945168e-01
   1.2591853e-01
   1.4587313e-01
   1.6992340e-01
   1.9886230e-01
   2.3354892e-01
   2.7401149e-01
   3.2013053e-01
   3.7121191e-01
   4.2474319e-01
   4.7704159e-01
   5.2364307e-01
   5.5832509e-01
   5.7731293e-01
   5.7847790e-01
   5.6144349e-01
   5.2800103e-01
   4.8384518e-01
   4.3383387e-01
   3.8268244e-01
   3.3439164e-01
   2.9100506e-01
   2.5349583e-01
   2.2249280e-01
   1.9733592e-01
   1.7737942e-01
   1.6209660e-01
   1.5124873e-01
   1.4403880e-01
   1.4017723e-01
   1.3958367e-01
   1.4227100e-01
   1.4812557e-01
   1.5732211e-01
   1.7038221e-01
   1.8764131e-01
   2.0943584e-01
   2.3622120e-01
   2.6886128e-01
   3.0697750e-01
   3.5007601e-01
   3.9704910e-01
   4.4561445e-01
   4.9261470e-01
   5.3502265e-01
   5.6978639e-01
   5.9545384e-01
   6.1278531e-01
   6.2355570e-01
   6.3038587e-01
   6.3639937e-01
   6.4307482e-01
   6.5033917e-01
   6.5628536e-01
   6.5840202e-01
   6.5464298e-01
   6.4378527e-01
   6.2665692e-01
   6.0618989e-01
   5.8588517e-01
   5.7017946e-01
   5.6290449e-01
   5.6658299e-01
   5.8298637e-01
   6.1417573e-01
   6.5840258e-01
   7.1383695e-01
   7.7727870e-01
   8.4314017e-01
   9.0480000e-01
   9.5637719e-01
   9.9235671e-01
   1.0111322e+00
   1.0151714e+00
   1.0089887e+00
   9.9927129e-01
   9.9352774e-01
   9.9659434e-01
   1.0109399e+00
   1.0359608e+00
   1.0664978e+00
   1.0968491e+00
   1.1206818e+00
   1.1331581e+00
   1.1336023e+00
   1.1239248e+00
   1.1086313e+00
   1.0945697e+00
   1.0869589e+00
   1.0889139e+00
   1.1010400e+00
   1.1188161e+00
   1.1369131e+00
   1.1493296e+00
   1.1510228e+00
   1.1412370e+00
   1.1217320e+00
   1.0967568e+00
   1.0727898e+00
   1.0547670e+00
   1.0453390e+00
   1.0445927e+00
   1.0476075e+00
   1.0484664e+00
   1.0406552e+00
   1.0180744e+00
   9.7965132e-01
   9.2664912e-01
   8.6273325e-01
   7.9463512e-01
   7.2883368e-01
   6.7048072e-01
   6.2450584e-01
   5.9271777e-01
   5.7592332e-01
   5.7452226e-01
   5.8899841e-01
   6.1662670e-01
   6.5486682e-01
