   9.5226840e-02
   1.1135592e-01
   1.3071346e-01
   1.5390392e-01
   1.8199253e-01
   2.1537990e-01
   2.5443076e-01
   2.9927833e-01
   3.4948413e-01
   4.0267088e-01
   4.5573063e-01
   5.0405458e-01
   5.4191945e-01
   5.6525740e-01
   5.7123287e-01
   5.5795495e-01
   5.2837200e-01
   4.8687779e-01
   4.3827778e-01
   3.8768952e-01
   3.3942831e-01
   2.9592278e-01
   2.5870018e-01
   2.2840279e-01
   2.0436907e-01
   1.8604273e-01
   1.7289715e-01
   1.6377534e-01
   1.5744578e-01
   1.5277702e-01
   1.4856900e-01
   1.4371888e-01
   1.3759070e-01
   1.2988430e-01
   1.2068529e-01
   1.1060692e-01
   1.0026950e-01
   9.0335859e-02
   8.1368915e-02
   7.3639830e-02
   6.7295185e-02
   6.2473433e-02
   5.9052614e-02
   5.6920035e-02
   5.5970538e-02
   5.6111665e-02
   5.7026641e-02
   5.8440218e-02
   6.0017106e-02
   6.1353742e-02
   6.2150975e-02
   6.2228074e-02
   6.1507914e-02
   6.0174903e-02
   5.8526793e-02
   5.6890679e-02
   5.5646996e-02
   5.5026684e-02
   5.5145329e-02
   5.6018123e-02
   5.7518782e-02
   5.9334613e-02
   6.1143013e-02
   6.2573130e-02
   6.3318120e-02
   6.3267367e-02
   6.2440820e-02
   6.0979750e-02
   5.9240921e-02
   5.7554269e-02
   5.6225524e-02
   5.5560367e-02
   5.5686866e-02
   5.6714721e-02
   5.8770407e-02
   6.1961047e-02
   6.6332195e-02
   7.2010563e-02
   7.9277804e-02
   8.8332582e-02
   9.9432317e-02
   1.1294430e-01
   1.2962955e-01
   1.4982066e-01
   1.7412740e-01
   2.0334551e-01
   2.3833765e-01
   2.7913338e-01
   3.2561629e-01
   3.7709786e-01
   4.3106969e-01
   4.8385241e-01
   5.3098731e-01
   5.6626323e-01
   5.8590952e-01
   5.8780539e-01
   5.7158573e-01
   5.3906044e-01
   4.9593196e-01
   4.4707442e-01
   3.9722971e-01
   3.5042596e-01
   3.0872774e-01
   2.7314119e-01
   2.4435826e-01
   2.2176041e-01
   2.0475616e-01
   1.9289429e-01
   1.8608065e-01
   1.8359158e-01
   1.8527360e-01
   1.9125133e-01
   2.0180490e-01
   2.1701767e-01
   2.3736550e-01
   2.6388100e-01
   2.9730615e-01
   3.3834824e-01
   3.8788912e-01
   4.4749795e-01
   5.1656710e-01
   5.9423252e-01
   6.7850668e-01
   7.6527033e-01
   8.4886055e-01
   9.2381617e-01
   9.8460265e-01
   1.0285732e+00
   1.0570709e+00
   1.0732371e+00
   1.0816697e+00
   1.0879298e+00
   1.0945799e+00
   1.1013443e+00
   1.1045267e+00
   1.0994708e+00
   1.0822388e+00
   1.0502310e+00
   1.0044561e+00
   9.4981831e-01
   8.9206086e-01
   8.3819963e-01
   7.9445473e-01
   7.6472099e-01
   7.5150134e-01
   7.5741099e-01
   7.8011340e-01
   8.1739993e-01
   8.6570138e-01
   9.1902734e-01
   9.7017962e-01
   1.0129411e+00
   1.0415699e+00
   1.0541664e+00
   1.0529583e+00
   1.0423047e+00
   1.0288056e+00
   1.0198102e+00
   1.0200659e+00
   1.0319784e+00
   1.0548993e+00
   1.0835969e+00
   1.1123319e+00
   1.1347471e+00
   1.1459755e+00
   1.1453107e+00
   1.1346452e+00
   1.1184754e+00
   1.1036296e+00
   1.0953136e+00
   1.0966332e+00
   1.1081900e+00
   1.1254499e+00
   1.1430781e+00
   1.1550691e+00
   1.1563762e+00
   1.1462374e+00
   1.1264090e+00
   1.1011385e+00
   1.0769006e+00
   1.0586283e+00
   1.0489702e+00
   1.0480127e+00
   1.0508321e+00
   1.0515097e+00
   1.0435306e+00
   1.0207946e+00
   9.8222698e-01
   9.2909007e-01
   8.6504892e-01
   7.9683409e-01
   7.3092347e-01
   6.7246829e-01
   6.2639805e-01
   5.9452058e-01
   5.7764215e-01
   5.7616217e-01
   5.9056442e-01
   6.1812308e-01
   6.5629753e-01
