   9.5061119e-02
   1.1118635e-01
   1.3053992e-01
   1.5372629e-01
   1.8181067e-01
   2.1519369e-01
   2.5424005e-01
   2.9908297e-01
   3.4928397e-01
   4.0246577e-01
   4.5552040e-01
   5.0383905e-01
   5.4169844e-01
   5.6503074e-01
   5.7100036e-01
   5.5771638e-01
   5.2812716e-01
   4.8662646e-01
   4.3801973e-01
   3.8742451e-01
   3.3915607e-01
   2.9564306e-01
   2.5841271e-01
   2.2810726e-01
   2.0406519e-01
   1.8573019e-01
   1.7257560e-01
   1.6344443e-01
   1.5710515e-01
   1.5242630e-01
   1.4820776e-01
   1.4334671e-01
   1.3720716e-01
   1.2948892e-01
   1.2027756e-01
   1.1018632e-01
   9.9835518e-02
   8.9887897e-02
   8.0906353e-02
   7.3162042e-02
   6.6801512e-02
   6.1963128e-02
   5.8524924e-02
   5.6374182e-02
   5.5405696e-02
   5.5526886e-02
   5.6420998e-02
   5.7812734e-02
   5.9366708e-02
   6.0679260e-02
   6.1451235e-02
   6.1501832e-02
   6.0753764e-02
   5.9391387e-02
   5.7712403e-02
   5.6043815e-02
   5.4765792e-02
   5.4109297e-02
   5.4189801e-02
   5.5022315e-02
   5.6480292e-02
   5.8251027e-02
   6.0011750e-02
   6.1391279e-02
   6.2082560e-02
   6.1974878e-02
   6.1087945e-02
   5.9562458e-02
   5.7755093e-02
   5.5995530e-02
   5.4589092e-02
   5.3840688e-02
   5.3878337e-02
   5.4811280e-02
   5.6765199e-02
   5.9846465e-02
   6.4100345e-02
   6.9652852e-02
   7.6784174e-02
   8.5692363e-02
   9.6634099e-02
   1.0997557e-01
   1.2647518e-01
   1.4646526e-01
   1.7055400e-01
   1.9953478e-01
   2.3426723e-01
   2.7477977e-01
   3.2095339e-01
   3.7209480e-01
   4.2569217e-01
   4.7806322e-01
   5.2474471e-01
   5.5951581e-01
   5.7860242e-01
   5.7987702e-01
   5.6296482e-01
   5.2965995e-01
   4.8565819e-01
   4.3581995e-01
   3.8486453e-01
   3.3679678e-01
   2.9366346e-01
   2.5644263e-01
   2.2577262e-01
   2.0099959e-01
   1.8148592e-01
   1.6671624e-01
   1.5647351e-01
   1.4997170e-01
   1.4694167e-01
   1.4733381e-01
   1.5120108e-01
   1.5845937e-01
   1.6932861e-01
   1.8440702e-01
   2.0409103e-01
   2.2877269e-01
   2.5897139e-01
   2.9565678e-01
   3.3841593e-01
   3.8669948e-01
   4.3926774e-01
   4.9356283e-01
   5.4605158e-01
   5.9334167e-01
   6.3200883e-01
   6.6042175e-01
   6.7942815e-01
   6.9100791e-01
   6.9807844e-01
   7.0412894e-01
   7.1080058e-01
   7.1798994e-01
   7.2352156e-01
   7.2456233e-01
   7.1878235e-01
   7.0475212e-01
   6.8332678e-01
   6.5773412e-01
   6.3181148e-01
   6.1038242e-01
   5.9763695e-01
   5.9630361e-01
   6.0826354e-01
   6.3566095e-01
   6.7665915e-01
   7.2937136e-01
   7.9054208e-01
   8.5452323e-01
   9.1460693e-01
   9.6486177e-01
   9.9973869e-01
   1.0175874e+00
   1.0208394e+00
   1.0139861e+00
   1.0037014e+00
   9.9747012e-01
   1.0001151e+00
   1.0140957e+00
   1.0388016e+00
   1.0690627e+00
   1.0991715e+00
   1.1227916e+00
   1.1350807e+00
   1.1353586e+00
   1.1255328e+00
   1.1101080e+00
   1.0959287e+00
   1.0882121e+00
   1.0900718e+00
   1.1021125e+00
   1.1198111e+00
   1.1378378e+00
   1.1501905e+00
   1.1518258e+00
   1.1419871e+00
   1.1224336e+00
   1.0974141e+00
   1.0734064e+00
   1.0553462e+00
   1.0458836e+00
   1.0451057e+00
   1.0480912e+00
   1.0489229e+00
   1.0410865e+00
   1.0184824e+00
   9.8003767e-01
   9.2701526e-01
   8.6308060e-01
   7.9496497e-01
   7.2914715e-01
   6.7077886e-01
   6.2478967e-01
   5.9298819e-01
   5.7618115e-01
   5.7476825e-01
   5.8923331e-01
   6.1685116e-01
   6.5508143e-01
