   9.5275581e-02
   1.1140579e-01
   1.3076450e-01
   1.5395616e-01
   1.8204601e-01
   2.1543467e-01
   2.5448686e-01
   2.9933579e-01
   3.4954300e-01
   4.0273121e-01
   4.5579247e-01
   5.0411797e-01
   5.4198445e-01
   5.6532407e-01
   5.7130125e-01
   5.5802512e-01
   5.2844401e-01
   4.8695171e-01
   4.3835367e-01
   3.8776747e-01
   3.3950838e-01
   2.9600505e-01
   2.5878473e-01
   2.2848971e-01
   2.0445845e-01
   1.8613466e-01
   1.7299172e-01
   1.6387266e-01
   1.5754596e-01
   1.5288017e-01
   1.4867524e-01
   1.4382834e-01
   1.3770351e-01
   1.3000058e-01
   1.2080522e-01
   1.1073062e-01
   1.0039714e-01
   9.0467612e-02
   8.1504963e-02
   7.3780356e-02
   6.7440383e-02
   6.2623522e-02
   5.9207816e-02
   5.7080579e-02
   5.6136668e-02
   5.6283659e-02
   5.7204771e-02
   5.8624772e-02
   6.0208400e-02
   6.1552119e-02
   6.2356781e-02
   6.2441674e-02
   6.1729723e-02
   6.0405349e-02
   5.8766319e-02
   5.7139756e-02
   5.5906173e-02
   5.5296504e-02
   5.5426367e-02
   5.6311007e-02
   5.7824220e-02
   5.9653315e-02
   6.1475738e-02
   6.2920734e-02
   6.3681520e-02
   6.3647511e-02
   6.2838725e-02
   6.1396601e-02
   5.9677929e-02
   5.8012721e-02
   5.6706827e-02
   5.6066155e-02
   5.6218786e-02
   5.7274557e-02
   5.9360174e-02
   6.2582982e-02
   6.6988621e-02
   7.2704007e-02
   8.0011225e-02
   8.9109117e-02
   1.0025532e-01
   1.1381746e-01
   1.3055730e-01
   1.5080755e-01
   1.7517841e-01
   2.0446632e-01
   2.3953484e-01
   2.8041385e-01
   3.2698773e-01
   3.7856935e-01
   4.3265132e-01
   4.8555512e-01
   5.3282337e-01
   5.6824776e-01
   5.8805867e-01
   5.9013727e-01
   5.7412130e-01
   5.4182530e-01
   4.9895365e-01
   4.5038455e-01
   4.0086653e-01
   3.5443454e-01
   3.1315841e-01
   2.7805254e-01
   2.4982464e-01
   2.2786655e-01
   2.1160036e-01
   2.0059374e-01
   1.9478865e-01
   1.9347980e-01
   1.9654772e-01
   2.0416826e-01
   2.1668839e-01
   2.3424071e-01
   2.5737636e-01
   2.8725571e-01
   3.2472237e-01
   3.7057635e-01
   4.2580610e-01
   4.9215712e-01
   5.6896450e-01
   6.5527165e-01
   7.4887108e-01
   8.4518429e-01
   9.3792201e-01
   1.0210145e+00
   1.0883067e+00
   1.1368531e+00
   1.1681423e+00
   1.1856574e+00
   1.1944906e+00
   1.2008124e+00
   1.2074562e+00
   1.2140956e+00
   1.2165870e+00
   1.2097380e+00
   1.1891378e+00
   1.1518425e+00
   1.0989060e+00
   1.0357255e+00
   9.6860485e-01
   9.0520477e-01
   8.5234242e-01
   8.1425564e-01
   7.9363023e-01
   7.9321995e-01
   8.1054122e-01
   8.4329077e-01
   8.8780711e-01
   9.3799918e-01
   9.8652455e-01
   1.0270821e+00
   1.0538733e+00
   1.0649250e+00
   1.0624051e+00
   1.0506337e+00
   1.0361892e+00
   1.0263809e+00
   1.0259338e+00
   1.0372380e+00
   1.0596339e+00
   1.0878716e+00
   1.1162026e+00
   1.1382635e+00
   1.1491798e+00
   1.1482378e+00
   1.1373253e+00
   1.1209365e+00
   1.1058946e+00
   1.0974022e+00
   1.0985631e+00
   1.1099775e+00
   1.1271083e+00
   1.1446193e+00
   1.1565040e+00
   1.1577145e+00
   1.1474874e+00
   1.1275782e+00
   1.1022339e+00
   1.0779283e+00
   1.0595936e+00
   1.0498780e+00
   1.0488677e+00
   1.0516382e+00
   1.0522706e+00
   1.0442495e+00
   1.0214747e+00
   9.8287089e-01
   9.2970031e-01
   8.6562784e-01
   7.9738383e-01
   7.3144591e-01
   6.7296518e-01
   6.2687111e-01
   5.9497128e-01
   5.7807185e-01
   5.7657215e-01
   5.9095592e-01
   6.1849717e-01
   6.5665521e-01
