   9.5129357e-02
   1.1125617e-01
   1.3061137e-01
   1.5379943e-01
   1.8188555e-01
   2.1527036e-01
   2.5431858e-01
   2.9916341e-01
   3.4936639e-01
   4.0255023e-01
   4.5560697e-01
   5.0392780e-01
   5.4178944e-01
   5.6512407e-01
   5.7109610e-01
   5.5781461e-01
   5.2822797e-01
   4.8672995e-01
   4.3812598e-01
   3.8753363e-01
   3.3926817e-01
   2.9575824e-01
   2.5853108e-01
   2.2822895e-01
   2.0419032e-01
   1.8585888e-01
   1.7270800e-01
   1.6358068e-01
   1.5724541e-01
   1.5257072e-01
   1.4835650e-01
   1.4349996e-01
   1.3736509e-01
   1.2965172e-01
   1.2044545e-01
   1.1035951e-01
   1.0001422e-01
   9.0072352e-02
   8.1096820e-02
   7.3358778e-02
   6.7004789e-02
   6.2173253e-02
   5.8742208e-02
   5.6598945e-02
   5.5638278e-02
   5.5767677e-02
   5.6670381e-02
   5.8071109e-02
   5.9634519e-02
   6.0956988e-02
   6.1739364e-02
   6.1800873e-02
   6.1064297e-02
   5.9714011e-02
   5.8047740e-02
   5.6392523e-02
   5.5128641e-02
   5.4487045e-02
   5.4583253e-02
   5.5432353e-02
   5.6907905e-02
   5.8697209e-02
   6.0477564e-02
   6.1877923e-02
   6.2591320e-02
   6.2507080e-02
   6.1645011e-02
   6.0146049e-02
   5.8366905e-02
   5.6637363e-02
   5.5262917e-02
   5.4548791e-02
   5.4623025e-02
   5.5595050e-02
   5.7590873e-02
   6.0717175e-02
   6.5019342e-02
   7.0623674e-02
   7.7810963e-02
   8.6779512e-02
   9.7786306e-02
   1.1119799e-01
   1.2777404e-01
   1.4784690e-01
   1.7202540e-01
   2.0110391e-01
   2.3594329e-01
   2.7657243e-01
   3.2287341e-01
   3.7415489e-01
   4.2790644e-01
   4.8044700e-01
   5.2731519e-01
   5.6229416e-01
   5.8161122e-01
   5.8314164e-01
   5.6651461e-01
   5.3353074e-01
   4.8988856e-01
   4.4045414e-01
   3.8995608e-01
   3.4240879e-01
   2.9986639e-01
   2.6331850e-01
   2.3342552e-01
   2.0954815e-01
   1.9106777e-01
   1.7749543e-01
   1.6866467e-01
   1.6381517e-01
   1.6272539e-01
   1.6541748e-01
   1.7203793e-01
   1.8257160e-01
   1.9734379e-01
   2.1713159e-01
   2.4247372e-01
   2.7389203e-01
   3.1205515e-01
   3.5817961e-01
   4.1177229e-01
   4.7215426e-01
   5.3777789e-01
   6.0544239e-01
   6.7073763e-01
   7.2941941e-01
   7.7719452e-01
   8.1201353e-01
   8.3492809e-01
   8.4839638e-01
   8.5602777e-01
   8.6216459e-01
   8.6882738e-01
   8.7584174e-01
   8.8040602e-01
   8.7893641e-01
   8.6844090e-01
   8.4700813e-01
   8.1555649e-01
   7.7800405e-01
   7.3897294e-01
   7.0418944e-01
   6.7867948e-01
   6.6565185e-01
   6.6724372e-01
   6.8579323e-01
   7.1925789e-01
   7.6561837e-01
   8.2148999e-01
   8.8108373e-01
   9.3748979e-01
   9.8465913e-01
   1.0169633e+00
   1.0326493e+00
   1.0340648e+00
   1.0256467e+00
   1.0140385e+00
   1.0066690e+00
   1.0083301e+00
   1.0214592e+00
   1.0454300e+00
   1.0750473e+00
   1.1045905e+00
   1.1277145e+00
   1.1395668e+00
   1.1394565e+00
   1.1292850e+00
   1.1135534e+00
   1.0990997e+00
   1.0911362e+00
   1.0927736e+00
   1.1046150e+00
   1.1221330e+00
   1.1399956e+00
   1.1521994e+00
   1.1536995e+00
   1.1437372e+00
   1.1240705e+00
   1.0989476e+00
   1.0748452e+00
   1.0566976e+00
   1.0471546e+00
   1.0463027e+00
   1.0492198e+00
   1.0499881e+00
   1.0420929e+00
   1.0194345e+00
   9.8093915e-01
   9.2786960e-01
   8.6389109e-01
   7.9573461e-01
   7.2987857e-01
   6.7147450e-01
   6.2545195e-01
   5.9361917e-01
   5.7678273e-01
   5.7534222e-01
   5.8978142e-01
   6.1737489e-01
   6.5558218e-01
