   7.5000000e-01
   7.6733668e-01
   7.8467337e-01
   8.0201005e-01
   8.1934673e-01
   8.3668342e-01
   8.5402010e-01
   8.7135678e-01
   8.8869347e-01
   9.0603015e-01
   9.2336683e-01
   9.4070352e-01
   9.5804020e-01
   9.7537688e-01
   9.9271357e-01
   1.0100503e+00
   1.0273869e+00
   1.0447236e+00
   1.0620603e+00
   1.0793970e+00
   1.0967337e+00
   1.1140704e+00
   1.1314070e+00
   1.1487437e+00
   1.1660804e+00
   1.1834171e+00
   1.2007538e+00
   1.2180905e+00
   1.2354271e+00
   1.2527638e+00
   1.2701005e+00
   1.2874372e+00
   1.3047739e+00
   1.3221106e+00
   1.3394472e+00
   1.3567839e+00
   1.3741206e+00
   1.3914573e+00
   1.4087940e+00
   1.4261307e+00
   1.4434673e+00
   1.4608040e+00
   1.4781407e+00
   1.4954774e+00
   1.5128141e+00
   1.5301508e+00
   1.5474874e+00
   1.5648241e+00
   1.5821608e+00
   1.5994975e+00
   1.6168342e+00
   1.6341709e+00
   1.6515075e+00
   1.6688442e+00
   1.6861809e+00
   1.7035176e+00
   1.7208543e+00
   1.7381910e+00
   1.7555276e+00
   1.7728643e+00
   1.7902010e+00
   1.8075377e+00
   1.8248744e+00
   1.8422111e+00
   1.8595477e+00
   1.8768844e+00
   1.8942211e+00
   1.9115578e+00
   1.9288945e+00
   1.9462312e+00
   1.9635678e+00
   1.9809045e+00
   1.9982412e+00
   2.0155779e+00
   2.0329146e+00
   2.0502513e+00
   2.0675879e+00
   2.0849246e+00
   2.1022613e+00
   2.1195980e+00
   2.1369347e+00
   2.1542714e+00
   2.1716080e+00
   2.1889447e+00
   2.2062814e+00
   2.2236181e+00
   2.2409548e+00
   2.2582915e+00
   2.2756281e+00
   2.2929648e+00
   2.3103015e+00
   2.3276382e+00
   2.3449749e+00
   2.3623116e+00
   2.3796482e+00
   2.3969849e+00
   2.4143216e+00
   2.4316583e+00
   2.4489950e+00
   2.4663317e+00
   2.4836683e+00
   2.5010050e+00
   2.5183417e+00
   2.5356784e+00
   2.5530151e+00
   2.5703518e+00
   2.5876884e+00
   2.6050251e+00
   2.6223618e+00
   2.6396985e+00
   2.6570352e+00
   2.6743719e+00
   2.6917085e+00
   2.7090452e+00
   2.7263819e+00
   2.7437186e+00
   2.7610553e+00
   2.7783920e+00
   2.7957286e+00
   2.8130653e+00
   2.8304020e+00
   2.8477387e+00
   2.8650754e+00
   2.8824121e+00
   2.8997487e+00
   2.9170854e+00
   2.9344221e+00
   2.9517588e+00
   2.9690955e+00
   2.9864322e+00
   3.0037688e+00
   3.0211055e+00
   3.0384422e+00
   3.0557789e+00
   3.0731156e+00
   3.0904523e+00
   3.1077889e+00
   3.1251256e+00
   3.1424623e+00
   3.1597990e+00
   3.1771357e+00
   3.1944724e+00
   3.2118090e+00
   3.2291457e+00
   3.2464824e+00
   3.2638191e+00
   3.2811558e+00
   3.2984925e+00
   3.3158291e+00
   3.3331658e+00
   3.3505025e+00
   3.3678392e+00
   3.3851759e+00
   3.4025126e+00
   3.4198492e+00
   3.4371859e+00
   3.4545226e+00
   3.4718593e+00
   3.4891960e+00
   3.5065327e+00
   3.5238693e+00
   3.5412060e+00
   3.5585427e+00
   3.5758794e+00
   3.5932161e+00
   3.6105528e+00
   3.6278894e+00
   3.6452261e+00
   3.6625628e+00
   3.6798995e+00
   3.6972362e+00
   3.7145729e+00
   3.7319095e+00
   3.7492462e+00
   3.7665829e+00
   3.7839196e+00
   3.8012563e+00
   3.8185930e+00
   3.8359296e+00
   3.8532663e+00
   3.8706030e+00
   3.8879397e+00
   3.9052764e+00
   3.9226131e+00
   3.9399497e+00
   3.9572864e+00
   3.9746231e+00
   3.9919598e+00
   4.0092965e+00
   4.0266332e+00
   4.0439698e+00
   4.0613065e+00
   4.0786432e+00
   4.0959799e+00
   4.1133166e+00
   4.1306533e+00
   4.1479899e+00
   4.1653266e+00
   4.1826633e+00
   4.2000000e+00
